기간	자치구	동	세대	인구	인구	인구	인구	인구	인구	인구	인구	인구	세대당인구	65세이상고령자
기간	자치구	동	세대	합계	합계	합계	한국인	한국인	한국인	외국인	외국인	외국인	세대당인구	65세이상고령자
기간	자치구	동	세대	계	남자	여자	계	남자	여자	계	남자	여자	세대당인구	65세이상고령자
2021.3/4	합계	합계	4,421,143	9,765,869	4,739,972	5,025,897	9,542,256	4,636,069	4,906,187	223,613	103,903	119,710	2.16	1,592,339
2021.3/4	종로구	소계	73,652	154,318	74,561	79,757	145,512	70,666	74,846	8,806	3,895	4,911	1.98	27,776
2021.3/4	종로구	사직동	4,697	9,645	4,365	5,280	9,379	4,208	5,171	266	157	109	2	1,781
2021.3/4	종로구	삼청동	1,253	2,764	1,311	1,453	2,490	1,181	1,309	274	130	144	1.99	628
2021.3/4	종로구	부암동	4,285	9,852	4,724	5,128	9,648	4,606	5,042	204	118	86	2.25	1,793
2021.3/4	종로구	평창동	7,472	18,336	8,553	9,783	18,158	8,471	9,687	178	82	96	2.43	3,420
2021.3/4	종로구	무악동	3,072	8,334	3,879	4,455	8,295	3,863	4,432	39	16	23	2.7	1,400
2021.3/4	종로구	교남동	4,450	10,229	4,733	5,496	10,071	4,649	5,422	158	84	74	2.26	1,616
2021.3/4	종로구	가회동	2,015	4,259	1,976	2,283	4,162	1,925	2,237	97	51	46	2.07	878
2021.3/4	종로구	종로1.2.3.4가동	5,242	8,403	4,843	3,560	7,187	4,254	2,933	1,216	589	627	1.37	1,955
2021.3/4	종로구	종로5·6가동	3,400	5,526	2,964	2,562	5,133	2,750	2,383	393	214	179	1.51	1,067
2021.3/4	종로구	이화동	4,305	7,774	3,634	4,140	7,312	3,450	3,862	462	184	278	1.7	1,358
2021.3/4	종로구	창신1동	2,851	5,704	3,030	2,674	4,943	2,643	2,300	761	387	374	1.73	1,234
2021.3/4	종로구	창신2동	4,049	9,137	4,657	4,480	7,985	4,112	3,873	1,152	545	607	1.97	1,753
2021.3/4	종로구	창신3동	2,817	6,845	3,392	3,453	6,668	3,281	3,387	177	111	66	2.37	1,217
2021.3/4	종로구	숭인1동	2,970	6,146	2,945	3,201	5,881	2,844	3,037	265	101	164	1.98	1,184
2021.3/4	종로구	숭인2동	6,234	10,140	5,036	5,104	9,650	4,865	4,785	490	171	319	1.55	1,657
2021.3/4	종로구	청운효자동	5,255	12,220	5,675	6,545	12,020	5,569	6,451	200	106	94	2.29	2,156
2021.3/4	종로구	혜화동	9,285	19,004	8,844	10,160	16,530	7,995	8,535	2,474	849	1,625	1.78	2,679
2021.3/4	중구	소계	63,267	131,943	64,274	67,669	122,858	59,853	63,005	9,085	4,421	4,664	1.94	24,225
2021.3/4	중구	소공동	1,280	3,286	1,674	1,612	2,231	1,067	1,164	1,055	607	448	1.74	293
2021.3/4	중구	회현동	2,782	5,488	2,858	2,630	4,862	2,534	2,328	626	324	302	1.75	1,348
2021.3/4	중구	명동	1,532	3,685	1,673	2,012	2,880	1,258	1,622	805	415	390	1.88	751
2021.3/4	중구	필동	2,501	4,678	2,361	2,317	4,059	2,062	1,997	619	299	320	1.62	907
2021.3/4	중구	장충동	2,739	5,344	2,704	2,640	4,604	2,355	2,249	740	349	391	1.68	848
2021.3/4	중구	광희동	3,337	6,292	3,220	3,072	5,206	2,672	2,534	1,086	548	538	1.56	1,115
2021.3/4	중구	을지로동	1,345	1,909	1,152	757	1,752	1,075	677	157	77	80	1.3	469
2021.3/4	중구	신당5동	5,359	10,728	5,204	5,524	10,378	5,052	5,326	350	152	198	1.94	1,813
2021.3/4	중구	황학동	6,933	13,326	6,339	6,987	12,484	5,962	6,522	842	377	465	1.8	2,017
2021.3/4	중구	중림동	5,672	12,408	6,162	6,246	12,105	6,006	6,099	303	156	147	2.13	2,080
2021.3/4	중구	신당동	4,679	9,087	4,406	4,681	7,639	3,780	3,859	1,448	626	822	1.63	1,449
2021.3/4	중구	다산동	6,895	14,350	6,944	7,406	13,897	6,749	7,148	453	195	258	2.02	2,756
2021.3/4	중구	약수동	7,847	17,003	7,945	9,058	16,794	7,840	8,954	209	105	104	2.14	3,789
2021.3/4	중구	청구동	6,270	13,851	6,543	7,308	13,622	6,430	7,192	229	113	116	2.17	2,719
2021.3/4	중구	동화동	4,096	10,508	5,089	5,419	10,345	5,011	5,334	163	78	85	2.53	1,871
2021.3/4	용산구	소계	111,177	238,300	115,655	122,645	224,145	107,801	116,344	14,155	7,854	6,301	2.02	38,906
2021.3/4	용산구	후암동	8,434	17,411	8,493	8,918	16,929	8,261	8,668	482	232	250	2.01	3,006
2021.3/4	용산구	용산2가동	5,248	10,793	5,286	5,507	9,500	4,588	4,912	1,293	698	595	1.81	2,049
2021.3/4	용산구	남영동	5,171	7,832	4,715	3,117	7,347	4,465	2,882	485	250	235	1.42	1,550
2021.3/4	용산구	원효로2동	5,963	13,924	6,546	7,378	13,803	6,499	7,304	121	47	74	2.31	2,300
2021.3/4	용산구	효창동	4,389	10,213	4,830	5,383	10,094	4,777	5,317	119	53	66	2.3	1,492
2021.3/4	용산구	용문동	5,363	12,037	5,754	6,283	11,922	5,700	6,222	115	54	61	2.22	2,124
2021.3/4	용산구	이촌1동	9,693	27,027	12,732	14,295	26,286	12,318	13,968	741	414	327	2.71	4,361
2021.3/4	용산구	이촌2동	3,707	8,443	3,949	4,494	8,371	3,920	4,451	72	29	43	2.26	1,777
2021.3/4	용산구	이태원1동	3,635	8,225	4,309	3,916	6,452	3,147	3,305	1,773	1,162	611	1.77	1,392
2021.3/4	용산구	이태원2동	4,928	10,594	4,976	5,618	9,049	4,172	4,877	1,545	804	741	1.84	1,848
2021.3/4	용산구	서빙고동	5,308	13,913	6,688	7,225	13,080	6,259	6,821	833	429	404	2.46	2,151
2021.3/4	용산구	보광동	7,480	14,804	7,581	7,223	13,559	6,737	6,822	1,245	844	401	1.81	2,689
2021.3/4	용산구	청파동	11,051	20,121	9,374	10,747	19,557	9,169	10,388	564	205	359	1.77	3,285
2021.3/4	용산구	원효로1동	8,086	16,569	7,929	8,640	15,939	7,593	8,346	630	336	294	1.97	1,962
2021.3/4	용산구	한강로동	11,704	23,417	11,204	12,213	21,767	10,319	11,448	1,650	885	765	1.86	3,209
2021.3/4	용산구	한남동	11,017	22,977	11,289	11,688	20,490	9,877	10,613	2,487	1,412	1,075	1.86	3,711
2021.3/4	성동구	소계	134,620	294,140	143,055	151,085	287,820	140,290	147,530	6,320	2,765	3,555	2.14	46,053
2021.3/4	성동구	왕십리2동	7,433	16,881	8,169	8,712	16,565	8,026	8,539	316	143	173	2.23	2,543
2021.3/4	성동구	마장동	10,959	23,028	11,306	11,722	22,455	11,096	11,359	573	210	363	2.05	3,912
2021.3/4	성동구	사근동	8,000	13,335	6,684	6,651	12,014	6,180	5,834	1,321	504	817	1.5	1,522
2021.3/4	성동구	행당1동	6,444	14,223	6,841	7,382	13,945	6,720	7,225	278	121	157	2.16	2,118
2021.3/4	성동구	행당2동	9,268	23,568	11,025	12,543	23,470	10,987	12,483	98	38	60	2.53	3,796
2021.3/4	성동구	응봉동	6,087	15,560	7,398	8,162	15,510	7,379	8,131	50	19	31	2.55	2,545
2021.3/4	성동구	금호1가동	6,600	15,442	7,340	8,102	15,363	7,307	8,056	79	33	46	2.33	2,626
2021.3/4	성동구	금호4가동	6,380	14,517	6,925	7,592	14,380	6,855	7,525	137	70	67	2.25	2,382
2021.3/4	성동구	성수1가1동	7,807	16,919	8,466	8,453	16,622	8,299	8,323	297	167	130	2.13	2,287
2021.3/4	성동구	성수1가2동	6,189	13,003	6,370	6,633	12,764	6,255	6,509	239	115	124	2.06	1,921
2021.3/4	성동구	성수2가1동	8,211	16,460	8,576	7,884	15,985	8,365	7,620	475	211	264	1.95	2,881
2021.3/4	성동구	성수2가3동	5,637	11,152	5,636	5,516	10,922	5,500	5,422	230	136	94	1.94	1,911
2021.3/4	성동구	송정동	5,595	10,949	5,771	5,178	10,557	5,576	4,981	392	195	197	1.89	1,793
2021.3/4	성동구	용답동	7,099	12,685	6,510	6,175	11,745	6,113	5,632	940	397	543	1.65	2,179
2021.3/4	성동구	왕십리도선동	11,875	27,074	12,829	14,245	26,600	12,630	13,970	474	199	275	2.24	3,745
2021.3/4	성동구	금호2.3가동	10,111	22,932	10,911	12,021	22,768	10,846	11,922	164	65	99	2.25	3,857
2021.3/4	성동구	옥수동	10,925	26,412	12,298	14,114	26,155	12,156	13,999	257	142	115	2.39	4,035
2021.3/4	광진구	소계	167,438	353,380	169,739	183,641	341,112	164,553	176,559	12,268	5,186	7,082	2.04	51,278
2021.3/4	광진구	화양동	17,610	25,626	11,870	13,756	23,032	10,973	12,059	2,594	897	1,697	1.31	2,310
2021.3/4	광진구	군자동	11,306	21,583	10,623	10,960	19,714	9,741	9,973	1,869	882	987	1.74	3,019
2021.3/4	광진구	중곡1동	8,363	15,959	7,698	8,261	15,582	7,543	8,039	377	155	222	1.86	2,512
2021.3/4	광진구	중곡2동	10,637	21,864	10,295	11,569	21,555	10,175	11,380	309	120	189	2.03	3,267
2021.3/4	광진구	중곡3동	8,466	16,465	8,123	8,342	16,248	8,049	8,199	217	74	143	1.92	2,851
2021.3/4	광진구	중곡4동	13,167	29,144	14,216	14,928	28,754	14,070	14,684	390	146	244	2.18	5,089
2021.3/4	광진구	능동	6,410	11,661	5,365	6,296	11,356	5,222	6,134	305	143	162	1.77	1,617
2021.3/4	광진구	구의1동	12,146	22,251	10,605	11,646	21,671	10,332	11,339	580	273	307	1.78	3,086
2021.3/4	광진구	구의2동	11,593	27,107	13,063	14,044	26,628	12,854	13,774	479	209	270	2.3	4,308
2021.3/4	광진구	구의3동	12,095	28,969	13,726	15,243	28,731	13,621	15,110	238	105	133	2.38	4,091
2021.3/4	광진구	광장동	11,953	35,004	16,914	18,090	34,833	16,839	17,994	171	75	96	2.91	3,767
2021.3/4	광진구	자양1동	11,907	23,233	11,211	12,022	22,390	10,852	11,538	843	359	484	1.88	3,468
2021.3/4	광진구	자양2동	11,042	25,175	12,190	12,985	24,858	12,048	12,810	317	142	175	2.25	3,975
2021.3/4	광진구	자양3동	11,107	28,430	13,592	14,838	28,171	13,483	14,688	259	109	150	2.54	4,226
2021.3/4	광진구	자양4동	9,636	20,909	10,248	10,661	17,589	8,751	8,838	3,320	1,497	1,823	1.83	3,692
2021.3/4	동대문구	소계	167,591	351,626	172,463	179,163	337,846	167,083	170,763	13,780	5,380	8,400	2.02	61,759
2021.3/4	동대문구	회기동	6,533	12,679	5,823	6,856	10,551	5,020	5,531	2,128	803	1,325	1.62	1,528
2021.3/4	동대문구	휘경1동	7,438	15,596	7,221	8,375	13,756	6,586	7,170	1,840	635	1,205	1.85	2,095
2021.3/4	동대문구	휘경2동	12,124	24,966	12,363	12,603	24,236	12,095	12,141	730	268	462	2	3,987
2021.3/4	동대문구	청량리동	9,684	19,397	9,627	9,770	18,928	9,416	9,512	469	211	258	1.95	5,198
2021.3/4	동대문구	용신동	18,585	32,379	16,198	16,181	30,977	15,618	15,359	1,402	580	822	1.67	5,671
2021.3/4	동대문구	제기동	13,440	26,630	13,384	13,246	24,730	12,682	12,048	1,900	702	1,198	1.84	5,763
2021.3/4	동대문구	전농1동	14,918	29,911	14,953	14,958	29,423	14,768	14,655	488	185	303	1.97	5,603
2021.3/4	동대문구	전농2동	7,651	19,062	9,172	9,890	18,735	9,033	9,702	327	139	188	2.45	3,646
2021.3/4	동대문구	답십리2동	12,669	28,792	14,000	14,792	28,527	13,875	14,652	265	125	140	2.25	5,521
2021.3/4	동대문구	장안1동	18,310	38,793	19,184	19,609	38,243	18,961	19,282	550	223	327	2.09	6,435
2021.3/4	동대문구	장안2동	14,007	32,861	16,388	16,473	32,557	16,268	16,289	304	120	184	2.32	5,176
2021.3/4	동대문구	이문1동	10,431	20,627	10,037	10,590	18,082	9,015	9,067	2,545	1,022	1,523	1.73	3,129
2021.3/4	동대문구	이문2동	8,728	20,487	9,894	10,593	20,045	9,696	10,349	442	198	244	2.3	3,959
2021.3/4	동대문구	답십리1동	13,073	29,446	14,219	15,227	29,056	14,050	15,006	390	169	221	2.22	4,048
2021.3/4	중랑구	소계	185,497	393,149	193,652	199,497	388,554	191,832	196,722	4,595	1,820	2,775	2.09	70,908
2021.3/4	중랑구	면목2동	12,160	24,534	12,208	12,326	24,171	12,068	12,103	363	140	223	1.99	4,520
2021.3/4	중랑구	면목4동	9,148	19,415	9,640	9,775	19,136	9,527	9,609	279	113	166	2.09	3,783
2021.3/4	중랑구	면목5동	6,455	14,868	7,471	7,397	14,753	7,431	7,322	115	40	75	2.29	2,201
2021.3/4	중랑구	면목7동	10,625	22,124	11,093	11,031	21,804	10,962	10,842	320	131	189	2.05	4,258
2021.3/4	중랑구	상봉1동	10,291	24,428	11,921	12,507	24,281	11,862	12,419	147	59	88	2.36	3,734
2021.3/4	중랑구	상봉2동	12,248	20,670	9,942	10,728	20,363	9,822	10,541	307	120	187	1.66	3,044
2021.3/4	중랑구	중화1동	9,113	19,967	9,768	10,199	19,793	9,702	10,091	174	66	108	2.17	3,637
2021.3/4	중랑구	중화2동	13,669	25,530	13,064	12,466	25,077	12,873	12,204	453	191	262	1.83	5,017
2021.3/4	중랑구	묵1동	14,849	34,864	16,788	18,076	34,677	16,724	17,953	187	64	123	2.34	5,898
2021.3/4	중랑구	묵2동	9,300	19,178	9,412	9,766	18,944	9,319	9,625	234	93	141	2.04	3,566
2021.3/4	중랑구	망우3동	8,248	16,803	8,404	8,399	16,453	8,260	8,193	350	144	206	1.99	3,347
2021.3/4	중랑구	신내1동	14,606	38,665	18,774	19,891	38,524	18,713	19,811	141	61	80	2.64	6,721
2021.3/4	중랑구	신내2동	9,037	20,710	9,847	10,863	20,616	9,820	10,796	94	27	67	2.28	4,046
2021.3/4	중랑구	면목본동	17,723	34,497	17,009	17,488	33,769	16,721	17,048	728	288	440	1.91	6,056
2021.3/4	중랑구	면목3.8동	12,698	25,346	12,561	12,785	24,957	12,392	12,565	389	169	220	1.97	4,989
2021.3/4	중랑구	망우본동	15,327	31,550	15,750	15,800	31,236	15,636	15,600	314	114	200	2.04	6,091
2021.3/4	성북구	소계	195,099	441,717	212,069	229,648	432,628	208,592	224,036	9,089	3,477	5,612	2.22	74,235
2021.3/4	성북구	돈암1동	6,122	14,859	6,949	7,910	14,769	6,913	7,856	90	36	54	2.41	2,869
2021.3/4	성북구	돈암2동	8,624	24,134	11,421	12,713	24,047	11,383	12,664	87	38	49	2.79	3,504
2021.3/4	성북구	안암동	9,396	16,386	8,003	8,383	14,986	7,524	7,462	1,400	479	921	1.59	2,102
2021.3/4	성북구	보문동	7,724	15,736	7,566	8,170	15,409	7,433	7,976	327	133	194	1.99	2,404
2021.3/4	성북구	정릉1동	7,377	18,504	8,878	9,626	18,285	8,799	9,486	219	79	140	2.48	3,079
2021.3/4	성북구	정릉2동	9,865	23,298	11,231	12,067	23,076	11,157	11,919	222	74	148	2.34	4,422
2021.3/4	성북구	정릉3동	7,878	16,222	7,975	8,247	15,134	7,518	7,616	1,088	457	631	1.92	3,259
2021.3/4	성북구	정릉4동	10,853	25,403	12,155	13,248	25,007	12,047	12,960	396	108	288	2.3	4,813
2021.3/4	성북구	길음1동	12,555	35,744	16,990	18,754	35,595	16,925	18,670	149	65	84	2.84	4,559
2021.3/4	성북구	길음2동	6,908	16,742	8,028	8,714	16,618	7,971	8,647	124	57	67	2.41	2,531
2021.3/4	성북구	월곡1동	10,839	26,680	12,857	13,823	26,492	12,798	13,694	188	59	129	2.44	4,683
2021.3/4	성북구	월곡2동	9,644	20,028	9,633	10,395	19,581	9,427	10,154	447	206	241	2.03	3,626
2021.3/4	성북구	장위1동	10,739	24,581	12,000	12,581	24,392	11,930	12,462	189	70	119	2.27	4,050
2021.3/4	성북구	장위2동	6,692	13,995	6,902	7,093	13,782	6,813	6,969	213	89	124	2.06	3,105
2021.3/4	성북구	장위3동	6,541	16,180	7,968	8,212	16,059	7,914	8,145	121	54	67	2.46	2,124
2021.3/4	성북구	성북동	8,234	17,134	7,977	9,157	16,642	7,774	8,868	492	203	289	2.02	3,080
2021.3/4	성북구	삼선동	11,559	23,533	11,162	12,371	23,013	10,970	12,043	520	192	328	1.99	3,936
2021.3/4	성북구	동선동	9,513	16,111	6,704	9,407	15,521	6,528	8,993	590	176	414	1.63	2,263
2021.3/4	성북구	종암동	17,188	40,429	19,863	20,566	39,005	19,341	19,664	1,424	522	902	2.27	6,717
2021.3/4	성북구	석관동	16,848	36,018	17,807	18,211	35,215	17,427	17,788	803	380	423	2.09	7,109
2021.3/4	강북구	소계	144,573	304,257	147,881	156,376	300,887	146,613	154,274	3,370	1,268	2,102	2.08	63,914
2021.3/4	강북구	번1동	10,278	18,826	9,470	9,356	18,469	9,345	9,124	357	125	232	1.8	3,640
2021.3/4	강북구	번2동	7,595	16,020	7,744	8,276	15,931	7,714	8,217	89	30	59	2.1	3,971
2021.3/4	강북구	번3동	7,499	17,065	7,989	9,076	17,005	7,978	9,027	60	11	49	2.27	4,649
2021.3/4	강북구	수유1동	10,341	20,869	10,280	10,589	20,661	10,201	10,460	208	79	129	2	4,425
2021.3/4	강북구	수유2동	9,842	21,505	10,247	11,258	21,363	10,205	11,158	142	42	100	2.17	4,890
2021.3/4	강북구	수유3동	12,949	23,489	11,656	11,833	23,105	11,510	11,595	384	146	238	1.78	4,614
2021.3/4	강북구	삼양동	11,164	23,980	11,925	12,055	23,794	11,857	11,937	186	68	118	2.13	4,901
2021.3/4	강북구	미아동	11,710	22,162	10,648	11,514	21,666	10,449	11,217	496	199	297	1.85	4,468
2021.3/4	강북구	송중동	14,006	30,299	14,513	15,786	29,743	14,279	15,464	556	234	322	2.12	5,962
2021.3/4	강북구	송천동	13,583	27,035	13,394	13,641	26,609	13,230	13,379	426	164	262	1.96	6,165
2021.3/4	강북구	삼각산동	11,550	31,481	15,104	16,377	31,370	15,059	16,311	111	45	66	2.72	4,433
2021.3/4	강북구	우이동	9,586	20,742	10,048	10,694	20,599	9,994	10,605	143	54	89	2.15	4,826
2021.3/4	강북구	인수동	14,470	30,784	14,863	15,921	30,572	14,792	15,780	212	71	141	2.11	6,970
2021.3/4	도봉구	소계	138,582	320,711	155,948	164,763	318,718	155,212	163,506	1,993	736	1,257	2.3	63,448
2021.3/4	도봉구	쌍문1동	9,398	21,663	10,389	11,274	21,434	10,331	11,103	229	58	171	2.28	4,579
2021.3/4	도봉구	쌍문2동	8,577	18,930	9,075	9,855	18,786	9,011	9,775	144	64	80	2.19	3,863
2021.3/4	도봉구	쌍문3동	7,840	16,675	8,073	8,602	16,528	8,022	8,506	147	51	96	2.11	3,426
2021.3/4	도봉구	쌍문4동	7,103	18,765	8,865	9,900	18,730	8,859	9,871	35	6	29	2.64	3,027
2021.3/4	도봉구	방학1동	12,908	29,035	14,395	14,640	28,794	14,298	14,496	241	97	144	2.23	5,810
2021.3/4	도봉구	방학2동	9,375	19,906	10,042	9,864	19,703	9,959	9,744	203	83	120	2.1	4,319
2021.3/4	도봉구	방학3동	10,008	27,323	13,278	14,045	27,257	13,260	13,997	66	18	48	2.72	5,024
2021.3/4	도봉구	창1동	10,986	25,004	11,845	13,159	24,876	11,798	13,078	128	47	81	2.26	4,560
2021.3/4	도봉구	창2동	12,590	29,442	14,313	15,129	29,193	14,208	14,985	249	105	144	2.32	5,236
2021.3/4	도봉구	창3동	6,541	14,027	7,015	7,012	13,937	6,981	6,956	90	34	56	2.13	2,913
2021.3/4	도봉구	창4동	10,753	26,790	12,860	13,930	26,708	12,827	13,881	82	33	49	2.48	4,247
2021.3/4	도봉구	창5동	10,232	24,784	11,848	12,936	24,678	11,815	12,863	106	33	73	2.41	4,326
2021.3/4	도봉구	도봉1동	10,357	21,250	10,712	10,538	21,106	10,659	10,447	144	53	91	2.04	5,700
2021.3/4	도봉구	도봉2동	11,914	27,117	13,238	13,879	26,988	13,184	13,804	129	54	75	2.27	6,418
2021.3/4	노원구	소계	217,269	517,038	248,908	268,130	513,053	247,118	265,935	3,985	1,790	2,195	2.36	87,537
2021.3/4	노원구	월계1동	10,288	22,406	11,587	10,819	21,763	11,244	10,519	643	343	300	2.12	4,210
2021.3/4	노원구	월계2동	12,003	27,006	12,989	14,017	26,857	12,936	13,921	149	53	96	2.24	5,851
2021.3/4	노원구	월계3동	12,964	30,241	14,426	15,815	30,053	14,348	15,705	188	78	110	2.32	6,085
2021.3/4	노원구	공릉2동	16,438	39,465	19,209	20,256	38,892	18,939	19,953	573	270	303	2.37	5,331
2021.3/4	노원구	하계1동	11,529	27,288	13,097	14,191	26,777	12,839	13,938	511	258	253	2.32	4,472
2021.3/4	노원구	하계2동	8,238	22,227	10,574	11,653	22,171	10,549	11,622	56	25	31	2.69	3,233
2021.3/4	노원구	중계본동	8,433	24,195	11,796	12,399	24,140	11,773	12,367	55	23	32	2.86	2,525
2021.3/4	노원구	중계1동	8,994	27,084	13,161	13,923	26,991	13,119	13,872	93	42	51	3	2,377
2021.3/4	노원구	중계4동	8,378	20,135	9,697	10,438	20,085	9,682	10,403	50	15	35	2.4	4,013
2021.3/4	노원구	상계1동	15,577	38,466	18,587	19,879	38,323	18,540	19,783	143	47	96	2.46	6,990
2021.3/4	노원구	상계2동	8,665	20,208	10,004	10,204	20,039	9,931	10,108	169	73	96	2.31	3,356
2021.3/4	노원구	상계5동	10,915	24,223	11,735	12,488	24,086	11,691	12,395	137	44	93	2.21	5,006
2021.3/4	노원구	상계8동	9,265	22,777	10,896	11,881	22,725	10,883	11,842	52	13	39	2.45	2,884
2021.3/4	노원구	상계9동	8,420	20,746	9,803	10,943	20,661	9,774	10,887	85	29	56	2.45	3,447
2021.3/4	노원구	상계10동	7,652	18,784	8,694	10,090	18,730	8,672	10,058	54	22	32	2.45	2,693
2021.3/4	노원구	상계3.4동	12,036	26,479	13,143	13,336	26,370	13,108	13,262	109	35	74	2.19	6,113
2021.3/4	노원구	상계6.7동	13,904	32,998	15,253	17,745	32,874	15,206	17,668	124	47	77	2.36	5,033
2021.3/4	노원구	중계2.3동	15,319	34,717	15,931	18,786	34,582	15,884	18,698	135	47	88	2.26	7,402
2021.3/4	노원구	공릉1동	18,251	37,593	18,326	19,267	36,934	18,000	18,934	659	326	333	2.02	6,516
2021.3/4	은평구	소계	214,181	477,961	228,427	249,534	474,062	226,833	247,229	3,899	1,594	2,305	2.21	86,724
2021.3/4	은평구	녹번동	17,527	37,164	17,658	19,506	36,788	17,478	19,310	376	180	196	2.1	6,993
2021.3/4	은평구	불광1동	17,708	38,996	18,399	20,597	38,732	18,285	20,447	264	114	150	2.19	7,697
2021.3/4	은평구	갈현1동	10,920	22,483	10,952	11,531	22,273	10,855	11,418	210	97	113	2.04	4,384
2021.3/4	은평구	갈현2동	12,666	28,725	13,572	15,153	28,412	13,446	14,966	313	126	187	2.24	4,996
2021.3/4	은평구	구산동	13,334	32,652	16,023	16,629	32,406	15,923	16,483	246	100	146	2.43	6,202
2021.3/4	은평구	대조동	14,511	27,318	12,712	14,606	26,991	12,577	14,414	327	135	192	1.86	5,124
2021.3/4	은평구	응암1동	14,825	33,128	15,668	17,460	32,819	15,540	17,279	309	128	181	2.21	5,110
2021.3/4	은평구	응암2동	11,064	27,577	13,360	14,217	27,384	13,281	14,103	193	79	114	2.48	3,911
2021.3/4	은평구	신사1동	11,897	27,377	13,179	14,198	27,176	13,106	14,070	201	73	128	2.28	4,917
2021.3/4	은평구	신사2동	9,006	20,532	10,222	10,310	20,414	10,185	10,229	118	37	81	2.27	3,881
2021.3/4	은평구	증산동	6,802	15,175	7,405	7,770	15,053	7,348	7,705	122	57	65	2.21	3,132
2021.3/4	은평구	수색동	4,897	11,445	5,621	5,824	11,380	5,595	5,785	65	26	39	2.32	2,111
2021.3/4	은평구	진관동	21,528	56,236	26,332	29,904	56,021	26,243	29,778	215	89	126	2.6	8,329
2021.3/4	은평구	불광2동	14,030	28,046	13,552	14,494	27,787	13,450	14,337	259	102	157	1.98	5,978
2021.3/4	은평구	응암3동	12,571	24,999	12,162	12,837	24,682	12,043	12,639	317	119	198	1.96	5,580
2021.3/4	은평구	역촌동	20,895	46,108	21,610	24,498	45,744	21,478	24,266	364	132	232	2.19	8,379
2021.3/4	서대문구	소계	143,712	316,415	150,057	166,358	306,249	146,388	159,861	10,166	3,669	6,497	2.13	54,056
2021.3/4	서대문구	천연동	7,764	17,398	8,261	9,137	17,159	8,131	9,028	239	130	109	2.21	3,208
2021.3/4	서대문구	홍제1동	10,410	24,054	11,270	12,784	23,808	11,164	12,644	246	106	140	2.29	4,572
2021.3/4	서대문구	홍제3동	7,076	15,561	7,530	8,031	15,418	7,470	7,948	143	60	83	2.18	3,652
2021.3/4	서대문구	홍제2동	5,790	13,871	6,546	7,325	13,771	6,501	7,270	100	45	55	2.38	2,723
2021.3/4	서대문구	홍은1동	9,662	22,956	11,061	11,895	22,719	10,964	11,755	237	97	140	2.35	4,555
2021.3/4	서대문구	홍은2동	12,354	27,386	13,164	14,222	26,666	12,884	13,782	720	280	440	2.16	5,196
2021.3/4	서대문구	남가좌1동	5,701	15,735	7,556	8,179	15,514	7,460	8,054	221	96	125	2.72	2,152
2021.3/4	서대문구	남가좌2동	13,296	30,696	14,715	15,981	29,768	14,379	15,389	928	336	592	2.24	4,847
2021.3/4	서대문구	북가좌1동	6,907	18,256	8,789	9,467	18,143	8,742	9,401	113	47	66	2.63	2,955
2021.3/4	서대문구	북가좌2동	14,601	32,020	15,559	16,461	31,709	15,447	16,262	311	112	199	2.17	6,308
2021.3/4	서대문구	충현동	10,297	20,869	10,053	10,816	20,469	9,869	10,600	400	184	216	1.99	3,384
2021.3/4	서대문구	북아현동	7,265	16,401	7,829	8,572	16,103	7,712	8,391	298	117	181	2.22	2,266
2021.3/4	서대문구	신촌동	13,926	23,281	9,667	13,614	19,762	8,739	11,023	3,519	928	2,591	1.42	2,127
2021.3/4	서대문구	연희동	18,663	37,931	18,057	19,874	35,240	16,926	18,314	2,691	1,131	1,560	1.89	6,111
2021.3/4	마포구	소계	179,541	379,525	177,861	201,664	369,903	174,119	195,784	9,622	3,742	5,880	2.06	54,260
2021.3/4	마포구	용강동	9,367	22,081	10,460	11,621	21,663	10,239	11,424	418	221	197	2.31	2,970
2021.3/4	마포구	대흥동	8,632	15,847	7,460	8,387	14,501	7,013	7,488	1,346	447	899	1.68	2,037
2021.3/4	마포구	염리동	7,661	17,459	8,268	9,191	16,597	8,008	8,589	862	260	602	2.17	2,092
2021.3/4	마포구	신수동	9,982	22,901	11,116	11,785	22,565	10,981	11,584	336	135	201	2.26	3,265
2021.3/4	마포구	서교동	15,444	26,612	12,014	14,598	25,013	11,491	13,522	1,599	523	1,076	1.62	3,369
2021.3/4	마포구	합정동	9,526	17,853	8,241	9,612	17,519	8,106	9,413	334	135	199	1.84	2,660
2021.3/4	마포구	망원1동	10,385	20,575	9,677	10,898	20,270	9,539	10,731	305	138	167	1.95	3,374
2021.3/4	마포구	망원2동	8,487	18,853	8,840	10,013	18,644	8,757	9,887	209	83	126	2.2	3,103
2021.3/4	마포구	연남동	8,717	16,085	7,558	8,527	15,128	7,168	7,960	957	390	567	1.74	2,426
2021.3/4	마포구	성산1동	9,343	19,257	9,044	10,213	18,939	8,902	10,037	318	142	176	2.03	2,926
2021.3/4	마포구	성산2동	18,980	39,883	18,029	21,854	39,568	17,925	21,643	315	104	211	2.08	6,231
2021.3/4	마포구	상암동	12,624	31,390	14,910	16,480	30,753	14,605	16,148	637	305	332	2.44	3,972
2021.3/4	마포구	도화동	9,325	21,525	10,266	11,259	21,281	10,154	11,127	244	112	132	2.28	3,691
2021.3/4	마포구	서강동	12,154	25,574	12,078	13,496	24,930	11,868	13,062	644	210	434	2.05	3,196
2021.3/4	마포구	공덕동	18,482	37,916	17,824	20,092	37,269	17,508	19,761	647	316	331	2.02	5,856
2021.3/4	마포구	아현동	10,432	25,714	12,076	13,638	25,263	11,855	13,408	451	221	230	2.42	3,092
2021.3/4	양천구	소계	181,281	452,255	221,434	230,821	449,010	220,075	228,935	3,245	1,359	1,886	2.48	67,880
2021.3/4	양천구	목1동	10,441	31,001	14,893	16,108	30,861	14,814	16,047	140	79	61	2.96	3,235
2021.3/4	양천구	목2동	13,338	30,215	14,682	15,533	29,970	14,580	15,390	245	102	143	2.25	4,139
2021.3/4	양천구	목3동	10,020	22,122	10,536	11,586	21,951	10,463	11,488	171	73	98	2.19	3,326
2021.3/4	양천구	목4동	10,164	25,669	12,550	13,119	25,489	12,476	13,013	180	74	106	2.51	3,287
2021.3/4	양천구	신월1동	10,230	20,817	10,651	10,166	20,535	10,546	9,989	282	105	177	2.01	4,220
2021.3/4	양천구	신월2동	8,494	20,931	10,229	10,702	20,771	10,166	10,605	160	63	97	2.45	3,870
2021.3/4	양천구	신월3동	7,927	15,479	8,144	7,335	15,306	8,055	7,251	173	89	84	1.93	3,000
2021.3/4	양천구	신월4동	6,899	18,171	8,851	9,320	18,084	8,826	9,258	87	25	62	2.62	3,277
2021.3/4	양천구	신월5동	6,481	14,843	7,351	7,492	14,711	7,302	7,409	132	49	83	2.27	2,439
2021.3/4	양천구	신월6동	5,296	13,836	6,772	7,064	13,787	6,754	7,033	49	18	31	2.6	1,813
2021.3/4	양천구	신월7동	9,232	20,100	9,800	10,300	19,966	9,765	10,201	134	35	99	2.16	4,380
2021.3/4	양천구	신정1동	7,118	20,569	10,015	10,554	20,453	9,962	10,491	116	53	63	2.87	2,696
2021.3/4	양천구	신정2동	7,019	19,665	9,625	10,040	19,554	9,574	9,980	111	51	60	2.79	2,580
2021.3/4	양천구	신정3동	19,266	49,946	24,300	25,646	49,587	24,141	25,446	359	159	200	2.57	7,420
2021.3/4	양천구	신정6동	8,285	24,659	11,987	12,672	24,635	11,977	12,658	24	10	14	2.97	2,765
2021.3/4	양천구	신정7동	11,500	29,373	14,190	15,183	29,204	14,117	15,087	169	73	96	2.54	4,970
2021.3/4	양천구	목5동	13,467	41,379	20,541	20,838	41,305	20,511	20,794	74	30	44	3.07	4,608
2021.3/4	양천구	신정4동	16,104	33,480	16,317	17,163	32,841	16,046	16,795	639	271	368	2.04	5,855
2021.3/4	강서구	소계	270,389	581,265	279,783	301,482	575,875	277,388	298,487	5,390	2,395	2,995	2.13	91,505
2021.3/4	강서구	염창동	16,301	41,940	20,317	21,623	41,820	20,260	21,560	120	57	63	2.57	4,360
2021.3/4	강서구	등촌1동	13,541	24,460	11,378	13,082	24,264	11,310	12,954	196	68	128	1.79	2,892
2021.3/4	강서구	등촌2동	8,670	20,507	10,006	10,501	20,390	9,965	10,425	117	41	76	2.35	3,151
2021.3/4	강서구	등촌3동	15,079	30,947	14,674	16,273	30,782	14,613	16,169	165	61	104	2.04	6,703
2021.3/4	강서구	화곡본동	17,205	34,722	16,823	17,899	34,324	16,667	17,657	398	156	242	2	4,819
2021.3/4	강서구	화곡2동	8,197	18,199	8,825	9,374	17,949	8,727	9,222	250	98	152	2.19	2,871
2021.3/4	강서구	화곡3동	9,517	21,631	10,363	11,268	21,498	10,315	11,183	133	48	85	2.26	4,053
2021.3/4	강서구	화곡4동	9,744	20,935	10,232	10,703	20,649	10,104	10,545	286	128	158	2.12	3,786
2021.3/4	강서구	화곡6동	12,442	24,998	12,105	12,893	24,782	12,025	12,757	216	80	136	1.99	3,898
2021.3/4	강서구	화곡8동	11,761	24,934	12,006	12,928	24,528	11,823	12,705	406	183	223	2.09	4,417
2021.3/4	강서구	가양1동	20,400	34,331	15,751	18,580	34,034	15,593	18,441	297	158	139	1.67	3,050
2021.3/4	강서구	가양2동	8,083	14,214	6,700	7,514	14,127	6,676	7,451	87	24	63	1.75	4,075
2021.3/4	강서구	가양3동	7,911	15,267	7,094	8,173	15,167	7,052	8,115	100	42	58	1.92	3,680
2021.3/4	강서구	발산1동	13,330	36,426	17,228	19,198	36,276	17,173	19,103	150	55	95	2.72	4,742
2021.3/4	강서구	공항동	14,095	31,526	15,965	15,561	30,879	15,574	15,305	647	391	256	2.19	4,246
2021.3/4	강서구	방화1동	17,302	43,402	21,153	22,249	43,167	21,043	22,124	235	110	125	2.49	6,621
2021.3/4	강서구	방화2동	11,923	23,602	11,687	11,915	23,309	11,522	11,787	293	165	128	1.95	4,779
2021.3/4	강서구	방화3동	11,264	23,031	11,170	11,861	22,906	11,130	11,776	125	40	85	2.03	5,220
2021.3/4	강서구	화곡1동	27,515	52,945	25,629	27,316	51,977	25,234	26,743	968	395	573	1.89	8,372
2021.3/4	강서구	우장산동	16,109	43,248	20,677	22,571	43,047	20,582	22,465	201	95	106	2.67	5,770
2021.3/4	구로구	소계	180,424	422,361	209,609	212,752	397,506	196,027	201,479	24,855	13,582	11,273	2.2	71,930
2021.3/4	구로구	신도림동	13,469	36,005	17,559	18,446	35,733	17,427	18,306	272	132	140	2.65	4,706
2021.3/4	구로구	구로1동	8,331	21,216	10,395	10,821	20,874	10,226	10,648	342	169	173	2.51	2,617
2021.3/4	구로구	구로3동	13,289	25,192	12,954	12,238	23,554	12,096	11,458	1,638	858	780	1.77	3,513
2021.3/4	구로구	구로4동	10,649	23,991	11,937	12,054	19,835	9,613	10,222	4,156	2,324	1,832	1.86	4,635
2021.3/4	구로구	구로5동	15,033	31,887	15,605	16,282	29,235	14,202	15,033	2,652	1,403	1,249	1.94	4,781
2021.3/4	구로구	고척1동	9,477	22,839	11,366	11,473	22,502	11,190	11,312	337	176	161	2.37	4,378
2021.3/4	구로구	고척2동	11,519	27,247	13,462	13,785	26,782	13,243	13,539	465	219	246	2.33	5,188
2021.3/4	구로구	개봉2동	12,569	31,467	15,311	16,156	31,054	15,127	15,927	413	184	229	2.47	6,463
2021.3/4	구로구	개봉3동	8,792	20,648	10,066	10,582	20,257	9,877	10,380	391	189	202	2.3	4,262
2021.3/4	구로구	오류1동	12,127	23,374	11,347	12,027	22,727	11,038	11,689	647	309	338	1.87	3,994
2021.3/4	구로구	수궁동	10,031	23,940	11,826	12,114	23,638	11,672	11,966	302	154	148	2.36	4,399
2021.3/4	구로구	가리봉동	5,923	13,161	7,491	5,670	8,916	4,880	4,036	4,245	2,611	1,634	1.51	2,087
2021.3/4	구로구	구로2동	12,628	31,369	16,186	15,183	23,899	12,084	11,815	7,470	4,102	3,368	1.89	5,911
2021.3/4	구로구	개봉1동	14,941	34,694	17,298	17,396	33,881	16,903	16,978	813	395	418	2.27	6,394
2021.3/4	구로구	오류2동	15,503	38,892	18,726	20,166	38,310	18,429	19,881	582	297	285	2.47	7,024
2021.3/4	구로구	항동	6,143	16,439	8,080	8,359	16,309	8,020	8,289	130	60	70	2.65	1,578
2021.3/4	금천구	소계	116,545	244,887	124,282	120,605	230,644	116,588	114,056	14,243	7,694	6,549	1.98	40,691
2021.3/4	금천구	가산동	16,536	25,956	14,242	11,714	23,431	12,780	10,651	2,525	1,462	1,063	1.42	2,664
2021.3/4	금천구	독산1동	22,754	46,113	23,698	22,415	44,275	22,716	21,559	1,838	982	856	1.95	5,866
2021.3/4	금천구	독산2동	9,519	20,275	10,322	9,953	18,809	9,537	9,272	1,466	785	681	1.98	3,511
2021.3/4	금천구	독산3동	12,633	27,713	14,096	13,617	24,195	12,110	12,085	3,518	1,986	1,532	1.92	4,615
2021.3/4	금천구	독산4동	7,678	16,876	8,518	8,358	15,267	7,691	7,576	1,609	827	782	1.99	2,921
2021.3/4	금천구	시흥1동	16,004	34,625	17,310	17,315	32,855	16,370	16,485	1,770	940	830	2.05	6,224
2021.3/4	금천구	시흥2동	8,263	21,444	10,318	11,126	21,328	10,269	11,059	116	49	67	2.58	4,049
2021.3/4	금천구	시흥3동	4,697	11,000	5,467	5,533	10,851	5,396	5,455	149	71	78	2.31	2,350
2021.3/4	금천구	시흥4동	9,104	21,024	10,419	10,605	20,348	10,086	10,262	676	333	343	2.24	4,132
2021.3/4	금천구	시흥5동	9,357	19,861	9,892	9,969	19,285	9,633	9,652	576	259	317	2.06	4,359
2021.3/4	영등포구	소계	186,360	401,814	199,388	202,426	377,536	186,414	191,122	24,278	12,974	11,304	2.03	62,108
2021.3/4	영등포구	여의동	13,422	33,534	15,800	17,734	33,186	15,613	17,573	348	187	161	2.47	6,175
2021.3/4	영등포구	당산1동	10,765	20,685	10,172	10,513	20,333	10,001	10,332	352	171	181	1.89	3,392
2021.3/4	영등포구	당산2동	18,749	37,853	17,693	20,160	37,468	17,532	19,936	385	161	224	2	4,666
2021.3/4	영등포구	양평1동	9,583	18,393	8,983	9,410	18,098	8,858	9,240	295	125	170	1.89	2,388
2021.3/4	영등포구	양평2동	10,643	22,564	11,116	11,448	22,371	11,035	11,336	193	81	112	2.1	2,509
2021.3/4	영등포구	신길1동	10,497	18,712	9,559	9,153	17,265	8,783	8,482	1,447	776	671	1.64	3,324
2021.3/4	영등포구	신길3동	7,636	17,649	8,766	8,883	16,617	8,200	8,417	1,032	566	466	2.18	3,126
2021.3/4	영등포구	신길4동	5,712	13,068	6,536	6,532	12,309	6,116	6,193	759	420	339	2.15	2,311
2021.3/4	영등포구	신길5동	4,836	11,822	5,792	6,030	10,704	5,192	5,512	1,118	600	518	2.21	2,037
2021.3/4	영등포구	신길6동	9,113	19,986	9,758	10,228	19,162	9,324	9,838	824	434	390	2.1	3,277
2021.3/4	영등포구	신길7동	7,859	20,145	10,071	10,074	19,956	9,982	9,974	189	89	100	2.54	2,546
2021.3/4	영등포구	대림1동	7,123	17,134	8,665	8,469	14,594	7,255	7,339	2,540	1,410	1,130	2.05	3,154
2021.3/4	영등포구	대림2동	6,932	18,370	9,464	8,906	12,047	5,949	6,098	6,323	3,515	2,808	1.74	3,082
2021.3/4	영등포구	대림3동	10,404	26,028	13,159	12,869	22,437	11,251	11,186	3,591	1,908	1,683	2.16	4,518
2021.3/4	영등포구	영등포본동	10,344	23,088	11,860	11,228	21,153	10,820	10,333	1,935	1,040	895	2.04	4,157
2021.3/4	영등포구	영등포동	20,220	29,873	15,786	14,087	29,226	15,466	13,760	647	320	327	1.45	3,430
2021.3/4	영등포구	도림동	9,337	19,920	10,046	9,874	17,810	8,972	8,838	2,110	1,074	1,036	1.91	3,333
2021.3/4	영등포구	문래동	13,185	32,990	16,162	16,828	32,800	16,065	16,735	190	97	93	2.49	4,683
2021.3/4	동작구	소계	184,825	396,122	191,140	204,982	387,117	187,286	199,831	9,005	3,854	5,151	2.09	66,306
2021.3/4	동작구	노량진2동	7,417	12,561	6,454	6,107	11,821	6,088	5,733	740	366	374	1.59	2,521
2021.3/4	동작구	상도1동	21,477	45,757	22,023	23,734	44,351	21,472	22,879	1,406	551	855	2.07	7,024
2021.3/4	동작구	상도2동	12,782	28,931	13,909	15,022	28,668	13,818	14,850	263	91	172	2.24	4,411
2021.3/4	동작구	상도3동	12,010	24,943	11,887	13,056	24,610	11,732	12,878	333	155	178	2.05	4,432
2021.3/4	동작구	상도4동	14,059	29,059	14,092	14,967	28,718	13,959	14,759	341	133	208	2.04	5,069
2021.3/4	동작구	사당1동	13,438	23,462	11,146	12,316	22,982	10,924	12,058	480	222	258	1.71	3,806
2021.3/4	동작구	사당3동	10,521	24,726	11,980	12,746	24,511	11,887	12,624	215	93	122	2.33	4,406
2021.3/4	동작구	사당4동	7,162	14,377	6,880	7,497	14,222	6,798	7,424	155	82	73	1.99	2,664
2021.3/4	동작구	사당5동	6,606	14,591	7,037	7,554	14,500	7,000	7,500	91	37	54	2.19	2,307
2021.3/4	동작구	대방동	17,255	38,605	18,372	20,233	38,268	18,201	20,067	337	171	166	2.22	5,799
2021.3/4	동작구	신대방1동	10,215	25,089	12,107	12,982	23,239	11,157	12,082	1,850	950	900	2.27	3,885
2021.3/4	동작구	신대방2동	9,510	20,074	9,538	10,536	19,860	9,451	10,409	214	87	127	2.09	3,077
2021.3/4	동작구	흑석동	14,057	33,466	16,002	17,464	31,598	15,378	16,220	1,868	624	1,244	2.25	5,694
2021.3/4	동작구	노량진1동	16,162	32,411	16,244	16,167	32,073	16,115	15,958	338	129	209	1.98	5,800
2021.3/4	동작구	사당2동	12,154	28,070	13,469	14,601	27,696	13,306	14,390	374	163	211	2.28	5,411
2021.3/4	관악구	소계	276,182	501,572	251,277	250,295	488,029	245,220	242,809	13,543	6,057	7,486	1.77	79,444
2021.3/4	관악구	보라매동	12,851	24,974	12,273	12,701	24,438	12,020	12,418	536	253	283	1.9	4,449
2021.3/4	관악구	청림동	6,465	15,328	7,455	7,873	15,233	7,418	7,815	95	37	58	2.36	2,725
2021.3/4	관악구	행운동	17,549	29,492	14,273	15,219	29,013	14,106	14,907	479	167	312	1.65	4,344
2021.3/4	관악구	낙성대동	11,269	17,516	8,741	8,775	16,956	8,499	8,457	560	242	318	1.5	1,987
2021.3/4	관악구	중앙동	9,822	15,606	7,449	8,157	15,225	7,297	7,928	381	152	229	1.55	2,350
2021.3/4	관악구	인헌동	14,365	26,223	12,754	13,469	25,879	12,623	13,256	344	131	213	1.8	4,021
2021.3/4	관악구	남현동	9,656	18,390	8,863	9,527	18,188	8,784	9,404	202	79	123	1.88	2,762
2021.3/4	관악구	서원동	14,277	23,317	11,998	11,319	22,635	11,693	10,942	682	305	377	1.59	3,320
2021.3/4	관악구	신원동	10,929	18,838	9,446	9,392	17,986	9,061	8,925	852	385	467	1.65	3,246
2021.3/4	관악구	서림동	14,391	23,741	12,997	10,744	23,173	12,762	10,411	568	235	333	1.61	3,493
2021.3/4	관악구	신사동	13,913	24,921	12,485	12,436	22,607	11,362	11,245	2,314	1,123	1,191	1.62	3,576
2021.3/4	관악구	신림동	17,751	22,894	12,080	10,814	22,153	11,752	10,401	741	328	413	1.25	1,951
2021.3/4	관악구	난향동	6,274	15,491	7,591	7,900	15,372	7,532	7,840	119	59	60	2.45	2,717
2021.3/4	관악구	조원동	10,656	18,724	9,484	9,240	17,261	8,718	8,543	1,463	766	697	1.62	2,871
2021.3/4	관악구	대학동	16,322	24,913	14,793	10,120	23,620	14,254	9,366	1,293	539	754	1.45	3,002
2021.3/4	관악구	은천동	16,039	33,814	16,462	17,352	33,309	16,249	17,060	505	213	292	2.08	5,881
2021.3/4	관악구	성현동	12,376	29,606	14,283	15,323	29,418	14,205	15,213	188	78	110	2.38	5,349
2021.3/4	관악구	청룡동	23,173	36,458	17,469	18,989	35,404	17,049	18,355	1,054	420	634	1.53	4,488
2021.3/4	관악구	난곡동	13,101	27,412	13,750	13,662	26,942	13,541	13,401	470	209	261	2.06	5,411
2021.3/4	관악구	삼성동	10,707	22,656	11,325	11,331	22,508	11,268	11,240	148	57	91	2.1	5,658
2021.3/4	관악구	미성동	14,296	31,258	15,306	15,952	30,709	15,027	15,682	549	279	270	2.15	5,843
2021.3/4	서초구	소계	171,497	420,045	200,920	219,125	416,285	199,068	217,217	3,760	1,852	1,908	2.43	60,493
2021.3/4	서초구	서초1동	9,409	20,806	10,036	10,770	20,621	9,943	10,678	185	93	92	2.19	2,975
2021.3/4	서초구	서초2동	11,137	25,919	12,420	13,499	25,645	12,267	13,378	274	153	121	2.3	3,145
2021.3/4	서초구	서초3동	15,245	32,804	15,792	17,012	32,482	15,654	16,828	322	138	184	2.13	4,758
2021.3/4	서초구	서초4동	10,900	31,112	15,163	15,949	30,876	15,032	15,844	236	131	105	2.83	4,236
2021.3/4	서초구	잠원동	10,764	26,995	12,954	14,041	26,821	12,875	13,946	174	79	95	2.49	3,261
2021.3/4	서초구	반포본동	2,122	5,761	2,730	3,031	5,725	2,711	3,014	36	19	17	2.7	857
2021.3/4	서초구	반포1동	14,960	34,559	16,802	17,757	34,208	16,638	17,570	351	164	187	2.29	3,952
2021.3/4	서초구	반포2동	5,009	15,847	7,546	8,301	15,740	7,502	8,238	107	44	63	3.14	1,952
2021.3/4	서초구	반포3동	7,728	22,229	10,561	11,668	22,175	10,537	11,638	54	24	30	2.87	3,043
2021.3/4	서초구	반포4동	7,181	19,735	9,303	10,432	19,083	8,951	10,132	652	352	300	2.66	2,867
2021.3/4	서초구	방배본동	7,982	21,032	9,735	11,297	20,862	9,642	11,220	170	93	77	2.61	3,076
2021.3/4	서초구	방배1동	7,562	17,078	7,998	9,080	16,953	7,940	9,013	125	58	67	2.24	2,894
2021.3/4	서초구	방배2동	8,479	19,775	9,278	10,497	19,639	9,213	10,426	136	65	71	2.32	3,516
2021.3/4	서초구	방배3동	7,195	18,957	9,195	9,762	18,879	9,157	9,722	78	38	40	2.62	3,367
2021.3/4	서초구	방배4동	9,756	23,753	10,830	12,923	23,498	10,713	12,785	255	117	138	2.41	3,514
2021.3/4	서초구	양재1동	17,945	43,631	20,862	22,769	43,303	20,703	22,600	328	159	169	2.41	6,896
2021.3/4	서초구	양재2동	10,828	22,272	11,112	11,160	22,056	11,011	11,045	216	101	115	2.04	2,925
2021.3/4	서초구	내곡동	7,295	17,780	8,603	9,177	17,719	8,579	9,140	61	24	37	2.43	3,259
2021.3/4	강남구	소계	234,218	538,075	257,524	280,551	533,359	255,264	278,095	4,716	2,260	2,456	2.28	77,222
2021.3/4	강남구	신사동	7,067	16,307	7,595	8,712	16,087	7,483	8,604	220	112	108	2.28	3,006
2021.3/4	강남구	논현1동	14,215	23,065	10,847	12,218	22,401	10,527	11,874	664	320	344	1.58	2,947
2021.3/4	강남구	논현2동	11,474	21,519	10,050	11,469	21,235	9,920	11,315	284	130	154	1.85	3,169
2021.3/4	강남구	삼성1동	5,530	13,265	6,565	6,700	13,008	6,403	6,605	257	162	95	2.35	2,141
2021.3/4	강남구	삼성2동	13,227	29,817	14,279	15,538	29,558	14,138	15,420	259	141	118	2.23	3,465
2021.3/4	강남구	대치1동	7,269	24,283	12,234	12,049	24,249	12,211	12,038	34	23	11	3.34	2,472
2021.3/4	강남구	대치4동	10,329	20,275	9,541	10,734	20,029	9,440	10,589	246	101	145	1.94	2,083
2021.3/4	강남구	역삼1동	24,192	36,560	17,713	18,847	35,599	17,305	18,294	961	408	553	1.47	3,668
2021.3/4	강남구	역삼2동	15,510	36,379	17,057	19,322	36,074	16,912	19,162	305	145	160	2.33	3,658
2021.3/4	강남구	도곡1동	8,550	21,673	10,266	11,407	21,543	10,198	11,345	130	68	62	2.52	2,945
2021.3/4	강남구	도곡2동	11,707	33,417	15,521	17,896	33,323	15,464	17,859	94	57	37	2.85	4,861
2021.3/4	강남구	개포1동	2,552	6,432	3,135	3,297	6,412	3,126	3,286	20	9	11	2.51	1,601
2021.3/4	강남구	개포4동	10,016	23,893	11,569	12,324	23,737	11,504	12,233	156	65	91	2.37	3,204
2021.3/4	강남구	일원본동	8,080	23,434	11,555	11,879	23,403	11,541	11,862	31	14	17	2.9	3,032
2021.3/4	강남구	일원1동	7,410	15,384	7,534	7,850	15,237	7,478	7,759	147	56	91	2.06	3,274
2021.3/4	강남구	일원2동	7,479	17,717	8,569	9,148	17,651	8,547	9,104	66	22	44	2.36	3,384
2021.3/4	강남구	수서동	7,800	14,925	6,772	8,153	14,851	6,743	8,108	74	29	45	1.9	4,599
2021.3/4	강남구	세곡동	17,891	43,644	20,645	22,999	43,466	20,570	22,896	178	75	103	2.43	6,441
2021.3/4	강남구	압구정동	10,336	26,584	12,294	14,290	26,437	12,208	14,229	147	86	61	2.56	5,145
2021.3/4	강남구	청담동	11,416	26,276	12,280	13,996	26,054	12,166	13,888	222	114	108	2.28	3,747
2021.3/4	강남구	대치2동	12,812	36,333	18,452	17,881	36,179	18,359	17,820	154	93	61	2.82	4,857
2021.3/4	강남구	개포2동	9,356	26,893	13,051	13,842	26,826	13,021	13,805	67	30	37	2.87	3,523
2021.3/4	송파구	소계	282,018	664,996	320,348	344,648	659,385	317,784	341,601	5,611	2,564	3,047	2.34	96,453
2021.3/4	송파구	풍납1동	6,048	13,673	6,669	7,004	13,070	6,383	6,687	603	286	317	2.16	2,752
2021.3/4	송파구	풍납2동	11,035	25,200	11,995	13,205	25,027	11,916	13,111	173	79	94	2.27	3,767
2021.3/4	송파구	거여1동	5,655	12,732	6,422	6,310	12,659	6,398	6,261	73	24	49	2.24	2,384
2021.3/4	송파구	거여2동	8,169	18,965	9,312	9,653	18,885	9,281	9,604	80	31	49	2.31	3,523
2021.3/4	송파구	마천1동	8,805	19,240	9,832	9,408	19,070	9,763	9,307	170	69	101	2.17	4,186
2021.3/4	송파구	마천2동	8,727	19,060	9,679	9,381	18,907	9,615	9,292	153	64	89	2.17	4,049
2021.3/4	송파구	방이1동	6,267	15,888	7,665	8,223	15,799	7,623	8,176	89	42	47	2.52	2,232
2021.3/4	송파구	방이2동	15,297	27,216	12,638	14,578	26,691	12,385	14,306	525	253	272	1.74	3,516
2021.3/4	송파구	오륜동	5,922	18,087	8,870	9,217	18,070	8,862	9,208	17	8	9	3.05	2,791
2021.3/4	송파구	오금동	15,688	38,936	18,883	20,053	38,747	18,791	19,956	189	92	97	2.47	6,338
2021.3/4	송파구	송파1동	12,276	24,402	11,408	12,994	24,069	11,238	12,831	333	170	163	1.96	3,432
2021.3/4	송파구	송파2동	7,235	19,388	9,323	10,065	19,240	9,248	9,992	148	75	73	2.66	2,839
2021.3/4	송파구	석촌동	16,929	32,344	15,434	16,910	31,761	15,171	16,590	583	263	320	1.88	4,506
2021.3/4	송파구	삼전동	16,121	30,921	14,543	16,378	30,556	14,406	16,150	365	137	228	1.9	3,979
2021.3/4	송파구	가락본동	11,883	26,740	13,215	13,525	26,458	13,092	13,366	282	123	159	2.23	3,755
2021.3/4	송파구	가락1동	9,809	27,406	13,273	14,133	27,316	13,231	14,085	90	42	48	2.78	3,411
2021.3/4	송파구	가락2동	12,441	32,662	16,050	16,612	32,482	15,968	16,514	180	82	98	2.61	4,254
2021.3/4	송파구	문정1동	8,503	20,339	10,044	10,295	20,156	9,973	10,183	183	71	112	2.37	2,953
2021.3/4	송파구	문정2동	15,699	29,106	13,371	15,735	28,938	13,300	15,638	168	71	97	1.84	3,928
2021.3/4	송파구	잠실본동	15,462	28,604	13,497	15,107	28,103	13,270	14,833	501	227	274	1.82	3,748
2021.3/4	송파구	잠실4동	7,263	21,297	10,201	11,096	21,235	10,170	11,065	62	31	31	2.92	2,783
2021.3/4	송파구	잠실6동	5,878	16,901	8,019	8,882	16,778	7,947	8,831	123	72	51	2.85	2,793
2021.3/4	송파구	잠실7동	3,394	9,594	4,470	5,124	9,580	4,462	5,118	14	8	6	2.82	2,133
2021.3/4	송파구	잠실2동	11,620	35,301	16,891	18,410	35,194	16,826	18,368	107	65	42	3.03	3,607
2021.3/4	송파구	잠실3동	11,939	34,577	16,465	18,112	34,437	16,390	18,047	140	75	65	2.88	5,676
2021.3/4	송파구	장지동	12,022	29,540	14,269	15,271	29,375	14,193	15,182	165	76	89	2.44	4,217
2021.3/4	송파구	위례동	11,931	36,877	17,910	18,967	36,782	17,882	18,900	95	28	67	3.08	2,901
2021.3/4	강동구	소계	201,205	467,997	229,717	238,280	464,163	228,002	236,161	3,834	1,715	2,119	2.31	73,228
2021.3/4	강동구	명일1동	10,111	25,947	12,630	13,317	25,870	12,599	13,271	77	31	46	2.56	3,987
2021.3/4	강동구	명일2동	6,441	17,539	8,624	8,915	17,494	8,609	8,885	45	15	30	2.72	2,551
2021.3/4	강동구	고덕1동	8,523	24,919	12,699	12,220	24,789	12,602	12,187	130	97	33	2.91	2,882
2021.3/4	강동구	고덕2동	8,839	22,539	11,384	11,155	22,403	11,310	11,093	136	74	62	2.53	2,927
2021.3/4	강동구	암사2동	6,320	15,248	7,389	7,859	15,189	7,370	7,819	59	19	40	2.4	2,370
2021.3/4	강동구	암사3동	6,277	17,956	8,798	9,158	17,903	8,768	9,135	53	30	23	2.85	2,624
2021.3/4	강동구	천호1동	12,894	27,196	13,313	13,883	26,961	13,234	13,727	235	79	156	2.09	5,158
2021.3/4	강동구	천호3동	14,090	26,804	13,115	13,689	26,355	12,894	13,461	449	221	228	1.87	4,627
2021.3/4	강동구	성내1동	8,400	20,207	9,753	10,454	20,091	9,711	10,380	116	42	74	2.39	3,073
2021.3/4	강동구	성내2동	12,834	24,358	12,026	12,332	23,759	11,716	12,043	599	310	289	1.85	4,331
2021.3/4	강동구	성내3동	10,699	23,532	11,565	11,967	23,272	11,457	11,815	260	108	152	2.18	3,815
2021.3/4	강동구	둔촌1동	82	145	81	64	134	76	58	11	5	6	1.63	37
2021.3/4	강동구	둔촌2동	10,541	24,847	12,220	12,627	24,738	12,174	12,564	109	46	63	2.35	4,104
2021.3/4	강동구	암사1동	15,896	34,916	17,298	17,618	34,615	17,169	17,446	301	129	172	2.18	6,000
2021.3/4	강동구	천호2동	17,489	33,969	16,699	17,270	33,367	16,416	16,951	602	283	319	1.91	5,921
2021.3/4	강동구	길동	21,732	46,047	22,428	23,619	45,722	22,326	23,396	325	102	223	2.1	7,869
2021.3/4	강동구	강일동	12,690	32,700	15,687	17,013	32,508	15,619	16,889	192	68	124	2.56	5,177
2021.3/4	강동구	상일1동	13,486	39,036	19,259	19,777	38,940	19,215	19,725	96	44	52	2.89	4,326
2021.3/4	강동구	상일2동	3,861	10,092	4,749	5,343	10,053	4,737	5,316	39	12	27	2.6	1,449