기간	자치구	동	세대	인구	인구	인구	인구	인구	인구	인구	인구	인구	세대당인구	65세이상고령자
기간	자치구	동	세대	합계	합계	합계	한국인	한국인	한국인	외국인	외국인	외국인	세대당인구	65세이상고령자
기간	자치구	동	세대	계	남자	여자	계	남자	여자	계	남자	여자	세대당인구	65세이상고령자
2020	합계	합계	4,417,954	9,911,088	4,816,522	5,094,566	9,668,465	4,701,723	4,966,742	242,623	114,799	127,824	2.19	1,568,331
2020	종로구	소계	75,003	158,996	76,876	82,120	149,384	72,635	76,749	9,612	4,241	5,371	1.99	28,507
2020	종로구	사직동	4,758	9,806	4,428	5,378	9,526	4,264	5,262	280	164	116	2	1,843
2020	종로구	삼청동	1,342	2,909	1,406	1,503	2,640	1,272	1,368	269	134	135	1.97	674
2020	종로구	부암동	4,392	10,333	4,937	5,396	10,022	4,772	5,250	311	165	146	2.28	1,839
2020	종로구	평창동	7,522	18,582	8,636	9,946	18,391	8,550	9,841	191	86	105	2.44	3,398
2020	종로구	무악동	3,192	8,592	3,999	4,593	8,546	3,979	4,567	46	20	26	2.68	1,460
2020	종로구	교남동	4,602	10,634	4,926	5,708	10,477	4,848	5,629	157	78	79	2.28	1,644
2020	종로구	가회동	2,077	4,418	2,052	2,366	4,325	2,000	2,325	93	52	41	2.08	937
2020	종로구	종로1.2.3.4가동	5,283	8,448	4,965	3,483	7,256	4,352	2,904	1,192	613	579	1.37	1,991
2020	종로구	종로5·6가동	3,415	5,656	3,072	2,584	5,242	2,838	2,404	414	234	180	1.53	1,119
2020	종로구	이화동	4,430	8,111	3,757	4,354	7,588	3,567	4,021	523	190	333	1.71	1,415
2020	종로구	창신1동	2,961	5,964	3,190	2,774	5,129	2,775	2,354	835	415	420	1.73	1,268
2020	종로구	창신2동	4,185	9,503	4,857	4,646	8,318	4,283	4,035	1,185	574	611	1.99	1,793
2020	종로구	창신3동	2,913	7,107	3,508	3,599	6,925	3,398	3,527	182	110	72	2.38	1,241
2020	종로구	숭인1동	3,035	6,388	3,082	3,306	6,078	2,960	3,118	310	122	188	2	1,216
2020	종로구	숭인2동	6,165	10,178	5,070	5,108	9,691	4,909	4,782	487	161	326	1.57	1,703
2020	종로구	청운효자동	5,357	12,633	5,886	6,747	12,431	5,779	6,652	202	107	95	2.32	2,249
2020	종로구	혜화동	9,374	19,734	9,105	10,629	16,799	8,089	8,710	2,935	1,016	1,919	1.79	2,717
2020	중구	소계	63,686	134,635	65,776	68,859	125,240	61,222	64,018	9,395	4,554	4,841	1.97	24,495
2020	중구	소공동	1,130	3,011	1,556	1,455	2,069	1,027	1,042	942	529	413	1.83	283
2020	중구	회현동	3,025	5,757	3,051	2,706	5,136	2,720	2,416	621	331	290	1.7	1,552
2020	중구	명동	1,552	3,685	1,642	2,043	2,914	1,242	1,672	771	400	371	1.88	781
2020	중구	필동	2,406	4,754	2,419	2,335	4,034	2,083	1,951	720	336	384	1.68	869
2020	중구	장충동	2,755	5,468	2,723	2,745	4,664	2,359	2,305	804	364	440	1.69	846
2020	중구	광희동	3,295	6,416	3,310	3,106	5,224	2,704	2,520	1,192	606	586	1.59	1,231
2020	중구	을지로동	1,373	1,967	1,173	794	1,816	1,096	720	151	77	74	1.32	525
2020	중구	신당5동	5,392	10,867	5,266	5,601	10,527	5,122	5,405	340	144	196	1.95	1,784
2020	중구	황학동	6,927	13,531	6,430	7,101	12,583	6,004	6,579	948	426	522	1.82	2,015
2020	중구	중림동	5,843	12,801	6,398	6,403	12,498	6,232	6,266	303	166	137	2.14	2,126
2020	중구	신당동	4,629	9,191	4,516	4,675	7,692	3,849	3,843	1,499	667	832	1.66	1,442
2020	중구	다산동	6,965	14,725	7,105	7,620	14,243	6,907	7,336	482	198	284	2.04	2,663
2020	중구	약수동	7,809	17,354	8,184	9,170	17,128	8,066	9,062	226	118	108	2.19	3,799
2020	중구	청구동	6,413	14,281	6,776	7,505	14,056	6,668	7,388	225	108	117	2.19	2,700
2020	중구	동화동	4,172	10,827	5,227	5,600	10,656	5,143	5,513	171	84	87	2.55	1,879
2020	용산구	소계	113,093	244,645	118,835	125,810	230,040	110,722	119,318	14,605	8,113	6,492	2.03	40,247
2020	용산구	후암동	8,710	18,202	8,852	9,350	17,696	8,591	9,105	506	261	245	2.03	3,095
2020	용산구	용산2가동	5,407	11,272	5,498	5,774	9,972	4,798	5,174	1,300	700	600	1.84	2,108
2020	용산구	남영동	5,385	8,116	4,887	3,229	7,623	4,641	2,982	493	246	247	1.42	1,642
2020	용산구	원효로2동	6,042	14,331	6,732	7,599	14,202	6,677	7,525	129	55	74	2.35	2,420
2020	용산구	효창동	4,381	10,326	4,894	5,432	10,205	4,834	5,371	121	60	61	2.33	1,459
2020	용산구	용문동	5,448	12,455	5,939	6,516	12,327	5,879	6,448	128	60	68	2.26	2,131
2020	용산구	이촌1동	10,337	28,961	13,597	15,364	28,139	13,152	14,987	822	445	377	2.72	4,579
2020	용산구	이촌2동	3,851	8,808	4,133	4,675	8,727	4,101	4,626	81	32	49	2.27	1,793
2020	용산구	이태원1동	3,934	8,764	4,500	4,264	6,923	3,290	3,633	1,841	1,210	631	1.76	1,627
2020	용산구	이태원2동	5,035	10,795	5,072	5,723	9,285	4,276	5,009	1,510	796	714	1.84	1,916
2020	용산구	서빙고동	5,324	14,000	6,753	7,247	13,187	6,328	6,859	813	425	388	2.48	2,113
2020	용산구	보광동	7,787	15,531	7,919	7,612	14,216	7,039	7,177	1,315	880	435	1.83	2,817
2020	용산구	청파동	11,110	20,496	9,570	10,926	19,829	9,325	10,504	667	245	422	1.78	3,380
2020	용산구	원효로1동	8,039	16,730	8,091	8,639	16,089	7,748	8,341	641	343	298	2	2,006
2020	용산구	한강로동	10,875	22,097	10,736	11,361	20,444	9,858	10,586	1,653	878	775	1.88	3,349
2020	용산구	한남동	11,428	23,761	11,662	12,099	21,176	10,185	10,991	2,585	1,477	1,108	1.85	3,812
2020	성동구	소계	135,870	300,505	146,424	154,081	293,556	143,387	150,169	6,949	3,037	3,912	2.16	45,603
2020	성동구	왕십리2동	7,634	17,416	8,465	8,951	17,085	8,309	8,776	331	156	175	2.24	2,605
2020	성동구	마장동	10,922	23,459	11,498	11,961	22,785	11,244	11,541	674	254	420	2.09	3,838
2020	성동구	사근동	7,805	13,512	6,698	6,814	11,932	6,099	5,833	1,580	599	981	1.53	1,496
2020	성동구	행당1동	6,459	14,363	6,923	7,440	14,077	6,794	7,283	286	129	157	2.18	2,119
2020	성동구	행당2동	9,482	24,151	11,327	12,824	24,063	11,289	12,774	88	38	50	2.54	3,762
2020	성동구	응봉동	6,135	15,824	7,500	8,324	15,764	7,479	8,285	60	21	39	2.57	2,527
2020	성동구	금호1가동	6,720	15,795	7,557	8,238	15,711	7,516	8,195	84	41	43	2.34	2,595
2020	성동구	금호4가동	6,463	14,842	7,104	7,738	14,704	7,032	7,672	138	72	66	2.28	2,318
2020	성동구	성수1가1동	7,667	16,851	8,451	8,400	16,553	8,284	8,269	298	167	131	2.16	2,195
2020	성동구	성수1가2동	6,524	13,738	6,745	6,993	13,452	6,608	6,844	286	137	149	2.06	1,927
2020	성동구	성수2가1동	8,454	17,146	8,925	8,221	16,589	8,682	7,907	557	243	314	1.96	2,855
2020	성동구	성수2가3동	5,712	11,457	5,833	5,624	11,177	5,672	5,505	280	161	119	1.96	1,872
2020	성동구	송정동	5,574	11,143	5,868	5,275	10,725	5,664	5,061	418	204	214	1.92	1,743
2020	성동구	용답동	6,869	12,724	6,616	6,108	11,788	6,227	5,561	936	389	547	1.72	2,144
2020	성동구	왕십리도선동	12,033	27,588	13,126	14,462	27,081	12,914	14,167	507	212	295	2.25	3,702
2020	성동구	금호2.3가동	10,324	23,584	11,234	12,350	23,409	11,157	12,252	175	77	98	2.27	3,888
2020	성동구	옥수동	11,093	26,912	12,554	14,358	26,661	12,417	14,244	251	137	114	2.4	4,017
2020	광진구	소계	167,427	360,109	173,000	187,109	346,682	167,310	179,372	13,427	5,690	7,737	2.07	50,560
2020	광진구	화양동	17,061	25,541	11,719	13,822	22,658	10,734	11,924	2,883	985	1,898	1.33	2,348
2020	광진구	군자동	11,166	21,903	10,750	11,153	19,930	9,841	10,089	1,973	909	1,064	1.78	2,959
2020	광진구	중곡1동	8,338	16,190	7,856	8,334	15,792	7,686	8,106	398	170	228	1.89	2,491
2020	광진구	중곡2동	10,621	22,285	10,533	11,752	21,943	10,394	11,549	342	139	203	2.07	3,227
2020	광진구	중곡3동	8,572	16,902	8,356	8,546	16,683	8,281	8,402	219	75	144	1.95	2,816
2020	광진구	중곡4동	13,264	29,815	14,564	15,251	29,387	14,401	14,986	428	163	265	2.22	4,998
2020	광진구	능동	6,511	11,913	5,478	6,435	11,610	5,329	6,281	303	149	154	1.78	1,621
2020	광진구	구의1동	12,122	22,700	10,839	11,861	22,040	10,528	11,512	660	311	349	1.82	3,090
2020	광진구	구의2동	11,693	27,444	13,174	14,270	26,954	12,961	13,993	490	213	277	2.31	4,265
2020	광진구	구의3동	12,202	29,588	14,069	15,519	29,317	13,939	15,378	271	130	141	2.4	3,957
2020	광진구	광장동	12,073	35,619	17,201	18,418	35,440	17,122	18,318	179	79	100	2.94	3,702
2020	광진구	자양1동	11,869	23,710	11,362	12,348	22,790	10,950	11,840	920	412	508	1.92	3,408
2020	광진구	자양2동	11,217	26,016	12,670	13,346	25,641	12,496	13,145	375	174	201	2.29	3,914
2020	광진구	자양3동	11,178	28,957	13,885	15,072	28,687	13,771	14,916	270	114	156	2.57	4,050
2020	광진구	자양4동	9,540	21,526	10,544	10,982	17,810	8,877	8,933	3,716	1,667	2,049	1.87	3,714
2020	동대문구	소계	167,598	357,014	175,322	181,692	342,837	169,769	173,068	14,177	5,553	8,624	2.05	61,796
2020	동대문구	회기동	6,315	12,663	5,813	6,850	10,473	5,016	5,457	2,190	797	1,393	1.66	1,565
2020	동대문구	휘경1동	7,202	15,362	7,226	8,136	13,631	6,590	7,041	1,731	636	1,095	1.89	2,130
2020	동대문구	휘경2동	11,858	24,992	12,311	12,681	24,297	12,054	12,243	695	257	438	2.05	3,915
2020	동대문구	청량리동	10,088	20,432	10,187	10,245	19,870	9,923	9,947	562	264	298	1.97	5,278
2020	동대문구	용신동	18,442	32,602	16,452	16,150	31,190	15,822	15,368	1,412	630	782	1.69	5,703
2020	동대문구	제기동	13,340	27,017	13,572	13,445	24,994	12,826	12,168	2,023	746	1,277	1.87	5,741
2020	동대문구	전농1동	15,234	30,722	15,383	15,339	30,204	15,170	15,034	518	213	305	1.98	5,651
2020	동대문구	전농2동	7,803	19,449	9,341	10,108	19,181	9,228	9,953	268	113	155	2.46	3,633
2020	동대문구	답십리2동	12,852	29,486	14,315	15,171	29,209	14,181	15,028	277	134	143	2.27	5,485
2020	동대문구	장안1동	18,269	39,287	19,488	19,799	38,710	19,238	19,472	577	250	327	2.12	6,321
2020	동대문구	장안2동	14,039	33,339	16,644	16,695	33,039	16,525	16,514	300	119	181	2.35	5,085
2020	동대문구	이문1동	10,524	21,205	10,180	11,025	18,477	9,185	9,292	2,728	995	1,733	1.76	3,287
2020	동대문구	이문2동	8,719	20,947	10,134	10,813	20,463	9,919	10,544	484	215	269	2.35	3,853
2020	동대문구	답십리1동	12,913	29,511	14,276	15,235	29,099	14,092	15,007	412	184	228	2.25	4,149
2020	중랑구	소계	185,920	399,562	197,118	202,444	394,702	195,165	199,537	4,860	1,953	2,907	2.12	69,447
2020	중랑구	면목2동	12,334	25,214	12,514	12,700	24,865	12,381	12,484	349	133	216	2.02	4,441
2020	중랑구	면목4동	9,052	19,270	9,584	9,686	18,972	9,458	9,514	298	126	172	2.1	3,690
2020	중랑구	면목5동	6,345	14,661	7,373	7,288	14,537	7,332	7,205	124	41	83	2.29	2,138
2020	중랑구	면목7동	10,718	22,714	11,352	11,362	22,386	11,223	11,163	328	129	199	2.09	4,206
2020	중랑구	상봉1동	10,300	24,912	12,165	12,747	24,763	12,109	12,654	149	56	93	2.4	3,626
2020	중랑구	상봉2동	11,716	20,214	9,812	10,402	19,899	9,691	10,208	315	121	194	1.7	2,956
2020	중랑구	중화1동	9,122	20,400	9,973	10,427	20,224	9,905	10,319	176	68	108	2.22	3,497
2020	중랑구	중화2동	13,893	26,073	13,359	12,714	25,578	13,138	12,440	495	221	274	1.84	4,989
2020	중랑구	묵1동	14,974	35,588	17,210	18,378	35,399	17,145	18,254	189	65	124	2.36	5,772
2020	중랑구	묵2동	9,340	19,672	9,660	10,012	19,428	9,565	9,863	244	95	149	2.08	3,464
2020	중랑구	망우3동	8,441	17,508	8,756	8,752	17,127	8,597	8,530	381	159	222	2.03	3,298
2020	중랑구	신내1동	14,818	39,831	19,385	20,446	39,681	19,317	20,364	150	68	82	2.68	6,612
2020	중랑구	신내2동	9,084	21,302	10,139	11,163	21,214	10,111	11,103	88	28	60	2.34	3,891
2020	중랑구	면목본동	17,897	35,424	17,521	17,903	34,622	17,189	17,433	802	332	470	1.93	5,995
2020	중랑구	면목3.8동	12,793	25,995	12,889	13,106	25,576	12,710	12,866	419	179	240	2	4,912
2020	중랑구	망우본동	15,093	30,784	15,426	15,358	30,431	15,294	15,137	353	132	221	2.02	5,960
2020	성북구	소계	195,396	447,056	214,658	232,398	437,153	210,810	226,343	9,903	3,848	6,055	2.24	73,770
2020	성북구	돈암1동	6,240	15,379	7,185	8,194	15,292	7,148	8,144	87	37	50	2.45	2,861
2020	성북구	돈암2동	8,731	24,686	11,738	12,948	24,589	11,691	12,898	97	47	50	2.82	3,427
2020	성북구	안암동	9,326	16,580	8,113	8,467	15,093	7,610	7,483	1,487	503	984	1.62	2,165
2020	성북구	보문동	7,841	16,123	7,771	8,352	15,768	7,616	8,152	355	155	200	2.01	2,417
2020	성북구	정릉1동	7,498	18,929	9,098	9,831	18,677	9,008	9,669	252	90	162	2.49	3,103
2020	성북구	정릉2동	9,883	23,736	11,450	12,286	23,501	11,371	12,130	235	79	156	2.38	4,389
2020	성북구	정릉3동	8,022	16,847	8,265	8,582	15,541	7,693	7,848	1,306	572	734	1.94	3,284
2020	성북구	정릉4동	10,993	25,993	12,511	13,482	25,609	12,380	13,229	384	131	253	2.33	4,792
2020	성북구	길음1동	12,802	36,568	17,395	19,173	36,402	17,323	19,079	166	72	94	2.84	4,495
2020	성북구	길음2동	7,126	17,167	8,301	8,866	17,051	8,252	8,799	116	49	67	2.39	2,577
2020	성북구	월곡1동	10,912	27,108	13,081	14,027	26,918	13,022	13,896	190	59	131	2.47	4,671
2020	성북구	월곡2동	9,619	20,396	9,817	10,579	19,928	9,586	10,342	468	231	237	2.07	3,600
2020	성북구	장위1동	9,190	20,449	9,934	10,515	20,268	9,872	10,396	181	62	119	2.21	3,707
2020	성북구	장위2동	6,609	14,106	6,970	7,136	13,867	6,863	7,004	239	107	132	2.1	3,121
2020	성북구	장위3동	7,094	17,359	8,578	8,781	17,200	8,510	8,690	159	68	91	2.42	2,346
2020	성북구	성북동	8,254	17,404	8,088	9,316	16,868	7,869	8,999	536	219	317	2.04	3,074
2020	성북구	삼선동	11,719	24,144	11,454	12,690	23,580	11,238	12,342	564	216	348	2.01	3,912
2020	성북구	동선동	9,366	16,246	6,734	9,512	15,610	6,549	9,061	636	185	451	1.67	2,281
2020	성북구	종암동	17,448	41,353	20,142	21,211	39,786	19,594	20,192	1,567	548	1,019	2.28	6,638
2020	성북구	석관동	16,723	36,483	18,033	18,450	35,605	17,615	17,990	878	418	460	2.13	6,910
2020	강북구	소계	145,896	311,569	151,466	160,103	308,055	150,143	157,912	3,514	1,323	2,191	2.11	63,422
2020	강북구	번1동	10,483	19,441	9,712	9,729	19,059	9,574	9,485	382	138	244	1.82	3,569
2020	강북구	번2동	7,663	16,544	8,016	8,528	16,435	7,976	8,459	109	40	69	2.14	3,948
2020	강북구	번3동	7,575	17,605	8,268	9,337	17,540	8,256	9,284	65	12	53	2.32	4,609
2020	강북구	수유1동	10,455	21,468	10,600	10,868	21,219	10,511	10,708	249	89	160	2.03	4,423
2020	강북구	수유2동	9,728	21,595	10,317	11,278	21,460	10,277	11,183	135	40	95	2.21	4,714
2020	강북구	수유3동	13,011	23,907	11,801	12,106	23,531	11,654	11,877	376	147	229	1.81	4,560
2020	강북구	삼양동	11,384	24,742	12,309	12,433	24,555	12,239	12,316	187	70	117	2.16	4,888
2020	강북구	미아동	11,778	22,723	10,909	11,814	22,213	10,698	11,515	510	211	299	1.89	4,454
2020	강북구	송중동	14,076	30,934	14,819	16,115	30,353	14,596	15,757	581	223	358	2.16	6,006
2020	강북구	송천동	13,787	27,871	13,811	14,060	27,439	13,633	13,806	432	178	254	1.99	6,153
2020	강북구	삼각산동	11,741	32,118	15,441	16,677	31,993	15,393	16,600	125	48	77	2.72	4,371
2020	강북구	우이동	9,644	21,076	10,254	10,822	20,939	10,198	10,741	137	56	81	2.17	4,790
2020	강북구	인수동	14,571	31,545	15,209	16,336	31,319	15,138	16,181	226	71	155	2.15	6,937
2020	도봉구	소계	139,114	327,361	159,420	167,941	325,257	158,620	166,637	2,104	800	1,304	2.34	62,059
2020	도봉구	쌍문1동	9,439	22,016	10,569	11,447	21,790	10,497	11,293	226	72	154	2.31	4,430
2020	도봉구	쌍문2동	8,672	19,406	9,338	10,068	19,246	9,263	9,983	160	75	85	2.22	3,798
2020	도봉구	쌍문3동	7,905	16,922	8,196	8,726	16,769	8,139	8,630	153	57	96	2.12	3,397
2020	도봉구	쌍문4동	7,203	19,297	9,099	10,198	19,262	9,090	10,172	35	9	26	2.67	2,981
2020	도봉구	방학1동	12,740	29,236	14,513	14,723	28,975	14,416	14,559	261	97	164	2.27	5,606
2020	도봉구	방학2동	9,515	20,473	10,330	10,143	20,282	10,249	10,033	191	81	110	2.13	4,277
2020	도봉구	방학3동	10,073	27,973	13,613	14,360	27,901	13,588	14,313	72	25	47	2.77	4,815
2020	도봉구	창1동	10,880	25,400	12,091	13,309	25,241	12,032	13,209	159	59	100	2.32	4,457
2020	도봉구	창2동	12,460	29,912	14,597	15,315	29,643	14,478	15,165	269	119	150	2.38	5,065
2020	도봉구	창3동	6,656	14,402	7,162	7,240	14,310	7,129	7,181	92	33	59	2.15	2,902
2020	도봉구	창4동	10,754	27,286	13,109	14,177	27,195	13,074	14,121	91	35	56	2.53	4,098
2020	도봉구	창5동	10,266	25,308	12,150	13,158	25,198	12,118	13,080	110	32	78	2.45	4,229
2020	도봉구	도봉1동	10,434	21,810	11,008	10,802	21,660	10,956	10,704	150	52	98	2.08	5,658
2020	도봉구	도봉2동	12,117	27,920	13,645	14,275	27,785	13,591	14,194	135	54	81	2.29	6,346
2020	노원구	소계	218,270	527,032	254,188	272,844	523,037	252,383	270,654	3,995	1,805	2,190	2.4	85,489
2020	노원구	월계1동	10,461	23,085	11,903	11,182	22,446	11,553	10,893	639	350	289	2.15	4,216
2020	노원구	월계2동	12,069	27,615	13,295	14,320	27,472	13,248	14,224	143	47	96	2.28	5,691
2020	노원구	월계3동	13,016	30,790	14,742	16,048	30,605	14,667	15,938	185	75	110	2.35	5,906
2020	노원구	공릉2동	16,497	40,360	19,676	20,684	39,760	19,382	20,378	600	294	306	2.41	5,198
2020	노원구	하계1동	11,661	27,965	13,476	14,489	27,471	13,228	14,243	494	248	246	2.36	4,347
2020	노원구	하계2동	8,307	22,723	10,825	11,898	22,665	10,802	11,863	58	23	35	2.73	3,128
2020	노원구	중계본동	8,657	24,942	12,220	12,722	24,880	12,196	12,684	62	24	38	2.87	2,565
2020	노원구	중계1동	9,068	27,556	13,407	14,149	27,465	13,366	14,099	91	41	50	3.03	2,323
2020	노원구	중계4동	8,478	20,752	10,017	10,735	20,695	9,998	10,697	57	19	38	2.44	3,957
2020	노원구	상계1동	15,648	39,204	19,015	20,189	39,044	18,964	20,080	160	51	109	2.5	6,837
2020	노원구	상계2동	8,791	20,692	10,217	10,475	20,535	10,149	10,386	157	68	89	2.34	3,284
2020	노원구	상계5동	11,019	24,797	12,030	12,767	24,667	11,983	12,684	130	47	83	2.24	4,986
2020	노원구	상계8동	9,168	22,963	11,022	11,941	22,914	11,010	11,904	49	12	37	2.5	2,790
2020	노원구	상계9동	8,425	21,221	10,068	11,153	21,136	10,042	11,094	85	26	59	2.51	3,323
2020	노원구	상계10동	7,134	17,631	8,133	9,498	17,571	8,109	9,462	60	24	36	2.46	2,457
2020	노원구	상계3.4동	12,229	27,184	13,494	13,690	27,076	13,465	13,611	108	29	79	2.21	6,059
2020	노원구	상계6.7동	13,938	33,642	15,610	18,032	33,509	15,559	17,950	133	51	82	2.4	4,866
2020	노원구	중계2.3동	15,411	35,586	16,390	19,196	35,446	16,340	19,106	140	50	90	2.3	7,220
2020	노원구	공릉1동	18,293	38,324	18,648	19,676	37,680	18,322	19,358	644	326	318	2.06	6,336
2020	은평구	소계	213,914	484,043	231,998	252,045	479,835	230,279	249,556	4,208	1,719	2,489	2.24	85,187
2020	은평구	녹번동	17,494	37,815	18,019	19,796	37,396	17,820	19,576	419	199	220	2.14	6,875
2020	은평구	불광1동	17,977	40,022	18,932	21,090	39,733	18,811	20,922	289	121	168	2.21	7,691
2020	은평구	갈현1동	11,163	23,396	11,396	12,000	23,167	11,288	11,879	229	108	121	2.08	4,393
2020	은평구	갈현2동	12,656	29,239	13,824	15,415	28,885	13,681	15,204	354	143	211	2.28	4,900
2020	은평구	구산동	13,402	32,997	16,383	16,614	32,749	16,282	16,467	248	101	147	2.44	6,136
2020	은평구	대조동	14,324	27,579	12,840	14,739	27,240	12,700	14,540	339	140	199	1.9	5,001
2020	은평구	응암1동	14,077	31,265	14,819	16,446	30,963	14,695	16,268	302	124	178	2.2	4,807
2020	은평구	응암2동	11,008	27,776	13,485	14,291	27,569	13,399	14,170	207	86	121	2.5	3,766
2020	은평구	신사1동	11,846	27,776	13,395	14,381	27,547	13,310	14,237	229	85	144	2.33	4,821
2020	은평구	신사2동	9,049	20,945	10,434	10,511	20,805	10,387	10,418	140	47	93	2.3	3,848
2020	은평구	증산동	6,897	15,487	7,542	7,945	15,355	7,486	7,869	132	56	76	2.23	3,105
2020	은평구	수색동	4,785	11,258	5,554	5,704	11,189	5,529	5,660	69	25	44	2.34	2,032
2020	은평구	진관동	21,645	57,256	26,864	30,392	57,022	26,765	30,257	234	99	135	2.63	8,028
2020	은평구	불광2동	13,962	28,740	13,929	14,811	28,441	13,804	14,637	299	125	174	2.04	5,877
2020	은평구	응암3동	12,770	25,553	12,448	13,105	25,218	12,320	12,898	335	128	207	1.97	5,600
2020	은평구	역촌동	20,859	46,939	22,134	24,805	46,556	22,002	24,554	383	132	251	2.23	8,307
2020	서대문구	소계	144,838	322,952	153,152	169,800	312,173	149,360	162,813	10,779	3,792	6,987	2.16	54,204
2020	서대문구	천연동	8,048	18,049	8,570	9,479	17,784	8,434	9,350	265	136	129	2.21	3,302
2020	서대문구	홍제1동	10,512	24,604	11,561	13,043	24,340	11,439	12,901	264	122	142	2.32	4,519
2020	서대문구	홍제3동	7,126	15,983	7,734	8,249	15,819	7,663	8,156	164	71	93	2.22	3,617
2020	서대문구	홍제2동	5,908	14,334	6,817	7,517	14,228	6,773	7,455	106	44	62	2.41	2,730
2020	서대문구	홍은1동	9,759	23,266	11,219	12,047	23,013	11,118	11,895	253	101	152	2.36	4,490
2020	서대문구	홍은2동	12,335	27,734	13,340	14,394	26,992	13,038	13,954	742	302	440	2.19	5,061
2020	서대문구	남가좌1동	5,891	16,141	7,752	8,389	15,894	7,651	8,243	247	101	146	2.7	2,151
2020	서대문구	남가좌2동	13,316	30,996	14,834	16,162	30,054	14,496	15,558	942	338	604	2.26	4,838
2020	서대문구	북가좌1동	6,991	18,557	8,939	9,618	18,440	8,895	9,545	117	44	73	2.64	2,913
2020	서대문구	북가좌2동	14,783	32,947	15,989	16,958	32,590	15,857	16,733	357	132	225	2.2	6,288
2020	서대문구	충현동	10,414	21,229	10,208	11,021	20,807	10,016	10,791	422	192	230	2	3,471
2020	서대문구	북아현동	7,471	16,956	8,078	8,878	16,637	7,943	8,694	319	135	184	2.23	2,331
2020	서대문구	신촌동	13,304	23,051	9,515	13,536	19,264	8,589	10,675	3,787	926	2,861	1.45	2,217
2020	서대문구	연희동	18,980	39,105	18,596	20,509	36,311	17,448	18,863	2,794	1,148	1,646	1.91	6,276
2020	마포구	소계	178,482	381,858	178,977	202,881	371,890	175,150	196,740	9,968	3,827	6,141	2.08	54,331
2020	마포구	용강동	9,304	22,257	10,505	11,752	21,832	10,274	11,558	425	231	194	2.35	2,948
2020	마포구	대흥동	8,399	15,863	7,422	8,441	14,410	6,963	7,447	1,453	459	994	1.72	2,111
2020	마포구	염리동	5,675	12,864	6,064	6,800	12,104	5,827	6,277	760	237	523	2.13	1,753
2020	마포구	신수동	10,246	23,606	11,438	12,168	23,199	11,290	11,909	407	148	259	2.26	3,366
2020	마포구	서교동	15,494	26,981	12,105	14,876	25,327	11,563	13,764	1,654	542	1,112	1.63	3,470
2020	마포구	합정동	9,699	18,576	8,613	9,963	18,229	8,475	9,754	347	138	209	1.88	2,698
2020	마포구	망원1동	10,520	21,113	9,910	11,203	20,802	9,776	11,026	311	134	177	1.98	3,402
2020	마포구	망원2동	8,566	19,216	9,030	10,186	19,014	8,951	10,063	202	79	123	2.22	3,081
2020	마포구	연남동	8,872	16,682	7,812	8,870	15,605	7,375	8,230	1,077	437	640	1.76	2,546
2020	마포구	성산1동	9,420	19,679	9,238	10,441	19,342	9,088	10,254	337	150	187	2.05	2,959
2020	마포구	성산2동	19,022	40,669	18,469	22,200	40,355	18,362	21,993	314	107	207	2.12	6,120
2020	마포구	상암동	12,770	31,997	15,251	16,746	31,394	14,972	16,422	603	279	324	2.46	3,919
2020	마포구	도화동	9,540	21,998	10,566	11,432	21,753	10,452	11,301	245	114	131	2.28	3,727
2020	마포구	서강동	11,625	25,386	11,974	13,412	24,674	11,745	12,929	712	229	483	2.12	3,178
2020	마포구	공덕동	18,706	38,750	18,300	20,450	38,101	17,981	20,120	649	319	330	2.04	5,882
2020	마포구	아현동	10,624	26,221	12,280	13,941	25,749	12,056	13,693	472	224	248	2.42	3,171
2020	양천구	소계	180,633	457,781	224,379	233,402	454,251	222,824	231,427	3,530	1,555	1,975	2.51	65,670
2020	양천구	목1동	10,559	31,727	15,245	16,482	31,581	15,167	16,414	146	78	68	2.99	3,122
2020	양천구	목2동	13,248	30,705	14,915	15,790	30,460	14,810	15,650	245	105	140	2.3	4,094
2020	양천구	목3동	10,119	22,643	10,801	11,842	22,469	10,727	11,742	174	74	100	2.22	3,270
2020	양천구	목4동	10,140	26,190	12,793	13,397	25,974	12,692	13,282	216	101	115	2.56	3,183
2020	양천구	신월1동	10,200	21,246	10,877	10,369	20,929	10,747	10,182	317	130	187	2.05	4,082
2020	양천구	신월2동	8,613	21,520	10,541	10,979	21,343	10,463	10,880	177	78	99	2.48	3,804
2020	양천구	신월3동	8,044	15,965	8,402	7,563	15,751	8,297	7,454	214	105	109	1.96	2,956
2020	양천구	신월4동	6,960	18,487	9,068	9,419	18,403	9,045	9,358	84	23	61	2.64	3,173
2020	양천구	신월5동	6,484	15,189	7,510	7,679	15,044	7,453	7,591	145	57	88	2.32	2,386
2020	양천구	신월6동	5,232	13,798	6,789	7,009	13,748	6,770	6,978	50	19	31	2.63	1,729
2020	양천구	신월7동	9,238	20,651	10,104	10,547	20,519	10,067	10,452	132	37	95	2.22	4,288
2020	양천구	신정1동	7,214	21,074	10,281	10,793	20,949	10,222	10,727	125	59	66	2.9	2,646
2020	양천구	신정2동	7,141	20,207	9,884	10,323	20,047	9,819	10,228	160	65	95	2.81	2,564
2020	양천구	신정3동	17,886	46,787	22,794	23,993	46,393	22,608	23,785	394	186	208	2.59	6,816
2020	양천구	신정6동	8,296	25,038	12,170	12,868	25,014	12,159	12,855	24	11	13	3.02	2,645
2020	양천구	신정7동	11,612	30,075	14,539	15,536	29,891	14,455	15,436	184	84	100	2.57	4,832
2020	양천구	목5동	13,583	42,288	20,933	21,355	42,215	20,900	21,315	73	33	40	3.11	4,308
2020	양천구	신정4동	16,064	34,191	16,733	17,458	33,521	16,423	17,098	670	310	360	2.09	5,772
2020	강서구	소계	266,982	585,901	282,686	303,215	580,185	280,034	300,151	5,716	2,652	3,064	2.17	88,984
2020	강서구	염창동	15,835	42,017	20,422	21,595	41,894	20,362	21,532	123	60	63	2.65	4,241
2020	강서구	등촌1동	13,168	24,338	11,362	12,976	24,145	11,295	12,850	193	67	126	1.83	2,809
2020	강서구	등촌2동	8,765	21,216	10,385	10,831	21,099	10,337	10,762	117	48	69	2.41	3,096
2020	강서구	등촌3동	15,059	31,660	15,070	16,590	31,478	15,004	16,474	182	66	116	2.09	6,498
2020	강서구	화곡본동	16,783	34,981	17,030	17,951	34,581	16,874	17,707	400	156	244	2.06	4,764
2020	강서구	화곡2동	8,221	18,727	9,103	9,624	18,442	8,981	9,461	285	122	163	2.24	2,846
2020	강서구	화곡3동	9,383	21,938	10,521	11,417	21,785	10,464	11,321	153	57	96	2.32	3,962
2020	강서구	화곡4동	9,764	21,413	10,461	10,952	21,108	10,325	10,783	305	136	169	2.16	3,730
2020	강서구	화곡6동	12,246	25,133	12,249	12,884	24,934	12,172	12,762	199	77	122	2.04	3,831
2020	강서구	화곡8동	11,809	25,674	12,330	13,344	25,223	12,125	13,098	451	205	246	2.14	4,332
2020	강서구	가양1동	20,071	34,540	15,986	18,554	34,184	15,784	18,400	356	202	154	1.7	2,956
2020	강서구	가양2동	8,050	14,588	6,894	7,694	14,500	6,871	7,629	88	23	65	1.8	3,860
2020	강서구	가양3동	7,892	15,583	7,286	8,297	15,477	7,239	8,238	106	47	59	1.96	3,568
2020	강서구	발산1동	13,521	37,530	17,808	19,722	37,390	17,754	19,636	140	54	86	2.77	4,659
2020	강서구	공항동	12,807	27,627	14,133	13,494	26,939	13,671	13,268	688	462	226	2.1	3,818
2020	강서구	방화1동	17,484	44,550	21,713	22,837	44,305	21,617	22,688	245	96	149	2.53	6,499
2020	강서구	방화2동	11,662	23,442	11,594	11,848	23,122	11,408	11,714	320	186	134	1.98	4,755
2020	강서구	방화3동	11,323	23,577	11,423	12,154	23,443	11,380	12,063	134	43	91	2.07	4,967
2020	강서구	화곡1동	26,956	53,380	25,873	27,507	52,358	25,430	26,928	1,022	443	579	1.94	8,153
2020	강서구	우장산동	16,183	43,987	21,043	22,944	43,778	20,941	22,837	209	102	107	2.71	5,640
2020	구로구	소계	180,531	432,488	215,424	217,064	404,408	199,673	204,735	28,080	15,751	12,329	2.24	70,198
2020	구로구	신도림동	13,484	36,494	17,861	18,633	36,188	17,684	18,504	306	177	129	2.68	4,596
2020	구로구	구로1동	8,368	21,632	10,619	11,013	21,232	10,412	10,820	400	207	193	2.54	2,476
2020	구로구	구로3동	13,245	25,722	13,155	12,567	23,883	12,176	11,707	1,839	979	860	1.8	3,465
2020	구로구	구로4동	10,711	25,031	12,543	12,488	20,378	9,887	10,491	4,653	2,656	1,997	1.9	4,536
2020	구로구	구로5동	14,704	32,339	15,874	16,465	29,358	14,261	15,097	2,981	1,613	1,368	2	4,645
2020	구로구	고척1동	9,623	23,547	11,744	11,803	23,151	11,543	11,608	396	201	195	2.41	4,259
2020	구로구	고척2동	11,601	27,853	13,786	14,067	27,336	13,532	13,804	517	254	263	2.36	5,036
2020	구로구	개봉2동	12,604	32,218	15,707	16,511	31,763	15,497	16,266	455	210	245	2.52	6,240
2020	구로구	개봉3동	8,849	21,284	10,415	10,869	20,848	10,204	10,644	436	211	225	2.36	4,166
2020	구로구	오류1동	11,809	23,360	11,432	11,928	22,687	11,110	11,577	673	322	351	1.92	3,929
2020	구로구	수궁동	9,968	24,297	12,015	12,282	23,970	11,847	12,123	327	168	159	2.4	4,287
2020	구로구	가리봉동	6,048	14,263	8,148	6,115	9,280	5,031	4,249	4,983	3,117	1,866	1.53	2,163
2020	구로구	구로2동	12,799	33,050	17,202	15,848	24,601	12,414	12,187	8,449	4,788	3,661	1.92	5,864
2020	구로구	개봉1동	14,945	35,239	17,635	17,604	34,337	17,172	17,165	902	463	439	2.3	6,246
2020	구로구	오류2동	15,634	39,755	19,202	20,553	39,112	18,867	20,245	643	335	308	2.5	6,834
2020	구로구	항동	6,139	16,404	8,086	8,318	16,284	8,036	8,248	120	50	70	2.65	1,456
2020	금천구	소계	114,715	247,835	126,141	121,694	231,733	117,226	114,507	16,102	8,915	7,187	2.02	39,842
2020	금천구	가산동	15,966	25,973	14,334	11,639	23,076	12,621	10,455	2,897	1,713	1,184	1.45	2,604
2020	금천구	독산1동	21,066	44,191	22,834	21,357	42,122	21,662	20,460	2,069	1,172	897	2	5,630
2020	금천구	독산2동	9,457	20,666	10,519	10,147	19,047	9,644	9,403	1,619	875	744	2.01	3,396
2020	금천구	독산3동	12,588	28,535	14,607	13,928	24,571	12,343	12,228	3,964	2,264	1,700	1.95	4,515
2020	금천구	독산4동	7,678	17,464	8,871	8,593	15,562	7,853	7,709	1,902	1,018	884	2.03	2,886
2020	금천구	시흥1동	16,126	35,781	17,966	17,815	33,770	16,870	16,900	2,011	1,096	915	2.09	6,110
2020	금천구	시흥2동	8,478	22,092	10,646	11,446	21,967	10,592	11,375	125	54	71	2.59	4,046
2020	금천구	시흥3동	4,771	11,285	5,597	5,688	11,126	5,520	5,606	159	77	82	2.33	2,301
2020	금천구	시흥4동	9,161	21,520	10,660	10,860	20,797	10,308	10,489	723	352	371	2.27	4,035
2020	금천구	시흥5동	9,424	20,328	10,107	10,221	19,695	9,813	9,882	633	294	339	2.09	4,319
2020	영등포구	소계	184,714	407,367	202,969	204,398	379,480	187,647	191,833	27,887	15,322	12,565	2.05	61,688
2020	영등포구	여의동	13,780	34,463	16,212	18,251	34,135	16,032	18,103	328	180	148	2.48	6,206
2020	영등포구	당산1동	10,800	21,197	10,404	10,793	20,750	10,191	10,559	447	213	234	1.92	3,346
2020	영등포구	당산2동	18,488	38,011	17,837	20,174	37,560	17,630	19,930	451	207	244	2.03	4,678
2020	영등포구	양평1동	9,140	17,702	8,715	8,987	17,393	8,568	8,825	309	147	162	1.9	2,353
2020	영등포구	양평2동	10,319	22,603	11,231	11,372	22,380	11,117	11,263	223	114	109	2.17	2,515
2020	영등포구	신길1동	10,429	19,167	9,807	9,360	17,469	8,877	8,592	1,698	930	768	1.68	3,366
2020	영등포구	신길3동	7,659	18,086	8,976	9,110	16,896	8,320	8,576	1,190	656	534	2.21	3,090
2020	영등포구	신길4동	5,613	12,974	6,509	6,465	12,122	6,019	6,103	852	490	362	2.16	2,220
2020	영등포구	신길5동	5,002	12,496	6,143	6,353	11,186	5,420	5,766	1,310	723	587	2.24	2,073
2020	영등포구	신길6동	8,713	19,071	9,356	9,715	18,071	8,819	9,252	1,000	537	463	2.07	3,215
2020	영등포구	신길7동	7,913	20,494	10,231	10,263	20,289	10,124	10,165	205	107	98	2.56	2,457
2020	영등포구	대림1동	7,241	17,751	9,023	8,728	14,870	7,384	7,486	2,881	1,639	1,242	2.05	3,136
2020	영등포구	대림2동	6,984	19,776	10,297	9,479	12,409	6,098	6,311	7,367	4,199	3,168	1.78	3,044
2020	영등포구	대림3동	10,441	26,973	13,720	13,253	22,914	11,490	11,424	4,059	2,230	1,829	2.19	4,379
2020	영등포구	영등포본동	10,349	23,790	12,280	11,510	21,479	11,019	10,460	2,311	1,261	1,050	2.08	4,051
2020	영등포구	영등포동	19,028	28,749	15,425	13,324	28,118	15,106	13,012	631	319	312	1.48	3,523
2020	영등포구	도림동	9,444	20,665	10,434	10,231	18,249	9,167	9,082	2,416	1,267	1,149	1.93	3,354
2020	영등포구	문래동	13,371	33,399	16,369	17,030	33,190	16,266	16,924	209	103	106	2.48	4,682
2020	동작구	소계	184,229	401,572	193,718	207,854	391,220	189,152	202,068	10,352	4,566	5,786	2.12	65,190
2020	동작구	노량진2동	7,474	13,512	6,920	6,592	12,669	6,497	6,172	843	423	420	1.7	2,697
2020	동작구	상도1동	21,583	46,840	22,494	24,346	45,139	21,823	23,316	1,701	671	1,030	2.09	6,884
2020	동작구	상도2동	12,598	28,162	13,498	14,664	27,856	13,390	14,466	306	108	198	2.21	4,400
2020	동작구	상도3동	12,061	25,416	12,142	13,274	25,069	11,974	13,095	347	168	179	2.08	4,325
2020	동작구	상도4동	13,854	29,306	14,200	15,106	28,943	14,051	14,892	363	149	214	2.09	4,913
2020	동작구	사당1동	13,290	23,632	11,214	12,418	23,071	10,950	12,121	561	264	297	1.74	3,683
2020	동작구	사당3동	10,567	25,244	12,218	13,026	25,012	12,122	12,890	232	96	136	2.37	4,390
2020	동작구	사당4동	7,158	14,599	6,987	7,612	14,421	6,899	7,522	178	88	90	2.01	2,623
2020	동작구	사당5동	6,614	14,811	7,183	7,628	14,702	7,138	7,564	109	45	64	2.22	2,262
2020	동작구	대방동	17,290	39,172	18,656	20,516	38,795	18,458	20,337	377	198	179	2.24	5,613
2020	동작구	신대방1동	10,238	25,823	12,561	13,262	23,660	11,388	12,272	2,163	1,173	990	2.31	3,759
2020	동작구	신대방2동	9,485	20,466	9,728	10,738	20,202	9,621	10,581	264	107	157	2.13	3,054
2020	동작구	흑석동	14,338	34,544	16,508	18,036	32,391	15,753	16,638	2,153	755	1,398	2.26	5,728
2020	동작구	노량진1동	15,712	32,387	16,108	16,279	32,052	15,976	16,076	335	132	203	2.04	5,627
2020	동작구	사당2동	11,967	27,658	13,301	14,357	27,238	13,112	14,126	420	189	231	2.28	5,232
2020	관악구	소계	274,811	509,803	255,211	254,592	495,060	248,339	246,721	14,743	6,872	7,871	1.8	78,875
2020	관악구	보라매동	12,536	25,278	12,393	12,885	24,563	12,050	12,513	715	343	372	1.96	4,423
2020	관악구	청림동	6,579	15,711	7,683	8,028	15,591	7,637	7,954	120	46	74	2.37	2,722
2020	관악구	행운동	17,357	29,799	14,417	15,382	29,302	14,234	15,068	497	183	314	1.69	4,335
2020	관악구	낙성대동	11,120	17,579	8,844	8,735	17,013	8,570	8,443	566	274	292	1.53	1,975
2020	관악구	중앙동	9,709	15,758	7,486	8,272	15,372	7,340	8,032	386	146	240	1.58	2,412
2020	관악구	인헌동	14,227	26,500	12,876	13,624	26,154	12,745	13,409	346	131	215	1.84	3,972
2020	관악구	남현동	9,544	18,598	8,970	9,628	18,395	8,886	9,509	203	84	119	1.93	2,717
2020	관악구	서원동	14,108	23,565	12,092	11,473	22,848	11,753	11,095	717	339	378	1.62	3,266
2020	관악구	신원동	10,926	19,290	9,646	9,644	18,313	9,173	9,140	977	473	504	1.68	3,252
2020	관악구	서림동	14,623	24,410	13,310	11,100	23,839	13,074	10,765	571	236	335	1.63	3,516
2020	관악구	신사동	13,742	25,426	12,735	12,691	22,797	11,398	11,399	2,629	1,337	1,292	1.66	3,527
2020	관악구	신림동	17,289	22,667	11,795	10,872	21,849	11,399	10,450	818	396	422	1.26	1,966
2020	관악구	난향동	6,433	15,915	7,849	8,066	15,799	7,785	8,014	116	64	52	2.46	2,762
2020	관악구	조원동	10,690	19,232	9,771	9,461	17,558	8,874	8,684	1,674	897	777	1.64	2,800
2020	관악구	대학동	16,204	24,907	14,818	10,089	23,669	14,293	9,376	1,238	525	713	1.46	2,897
2020	관악구	은천동	16,091	34,595	16,893	17,702	34,023	16,642	17,381	572	251	321	2.11	5,838
2020	관악구	성현동	12,591	30,472	14,701	15,771	30,296	14,631	15,665	176	70	106	2.41	5,341
2020	관악구	청룡동	22,520	36,325	17,376	18,949	35,128	16,881	18,247	1,197	495	702	1.56	4,455
2020	관악구	난곡동	13,097	28,054	14,056	13,998	27,560	13,823	13,737	494	233	261	2.1	5,287
2020	관악구	삼성동	11,217	23,935	11,943	11,992	23,785	11,885	11,900	150	58	92	2.12	5,735
2020	관악구	미성동	14,208	31,787	15,557	16,230	31,206	15,266	15,940	581	291	290	2.2	5,677
2020	서초구	소계	173,502	429,025	205,282	223,743	425,126	203,359	221,767	3,899	1,923	1,976	2.45	60,169
2020	서초구	서초1동	9,351	21,187	10,180	11,007	20,990	10,088	10,902	197	92	105	2.24	2,978
2020	서초구	서초2동	9,713	21,731	10,384	11,347	21,503	10,245	11,258	228	139	89	2.21	2,600
2020	서초구	서초3동	14,599	32,307	15,748	16,559	31,979	15,588	16,391	328	160	168	2.19	4,647
2020	서초구	서초4동	11,009	31,718	15,425	16,293	31,470	15,287	16,183	248	138	110	2.86	4,071
2020	서초구	잠원동	11,448	28,532	13,677	14,855	28,346	13,584	14,762	186	93	93	2.48	3,348
2020	서초구	반포본동	4,105	11,991	5,660	6,331	11,940	5,635	6,305	51	25	26	2.91	1,943
2020	서초구	반포1동	14,297	32,630	15,742	16,888	32,317	15,599	16,718	313	143	170	2.26	3,533
2020	서초구	반포2동	5,110	16,240	7,739	8,501	16,076	7,664	8,412	164	75	89	3.15	1,951
2020	서초구	반포3동	7,741	22,412	10,620	11,792	22,352	10,591	11,761	60	29	31	2.89	2,917
2020	서초구	반포4동	7,280	19,977	9,487	10,490	19,390	9,171	10,219	587	316	271	2.66	2,831
2020	서초구	방배본동	7,998	21,293	9,891	11,402	21,102	9,800	11,302	191	91	100	2.64	3,030
2020	서초구	방배1동	7,656	17,381	8,151	9,230	17,264	8,095	9,169	117	56	61	2.25	2,830
2020	서초구	방배2동	8,688	20,404	9,572	10,832	20,258	9,499	10,759	146	73	73	2.33	3,495
2020	서초구	방배3동	8,310	21,441	10,364	11,077	21,311	10,304	11,007	130	60	70	2.56	3,694
2020	서초구	방배4동	9,829	24,036	10,975	13,061	23,760	10,853	12,907	276	122	154	2.42	3,426
2020	서초구	양재1동	18,218	44,890	21,448	23,442	44,522	21,275	23,247	368	173	195	2.44	6,810
2020	서초구	양재2동	10,835	22,709	11,387	11,322	22,464	11,272	11,192	245	115	130	2.07	2,870
2020	서초구	내곡동	7,315	18,146	8,832	9,314	18,082	8,809	9,273	64	23	41	2.47	3,195
2020	강남구	소계	234,872	544,055	260,378	283,677	539,231	257,999	281,232	4,824	2,379	2,445	2.3	75,096
2020	강남구	신사동	7,320	16,914	7,859	9,055	16,663	7,723	8,940	251	136	115	2.28	2,969
2020	강남구	논현1동	14,412	23,734	11,193	12,541	23,012	10,820	12,192	722	373	349	1.6	2,972
2020	강남구	논현2동	11,680	21,997	10,238	11,759	21,739	10,121	11,618	258	117	141	1.86	3,161
2020	강남구	삼성1동	5,665	13,600	6,754	6,846	13,391	6,617	6,774	209	137	72	2.36	2,087
2020	강남구	삼성2동	13,452	30,368	14,482	15,886	30,126	14,344	15,782	242	138	104	2.24	3,394
2020	강남구	대치1동	7,383	24,922	12,543	12,379	24,889	12,523	12,366	33	20	13	3.37	2,333
2020	강남구	대치4동	10,321	20,744	9,780	10,964	20,461	9,647	10,814	283	133	150	1.98	2,078
2020	강남구	역삼1동	24,001	36,771	17,763	19,008	35,824	17,338	18,486	947	425	522	1.49	3,678
2020	강남구	역삼2동	15,697	37,291	17,477	19,814	36,967	17,320	19,647	324	157	167	2.36	3,607
2020	강남구	도곡1동	8,669	22,227	10,537	11,690	22,085	10,462	11,623	142	75	67	2.55	2,902
2020	강남구	도곡2동	11,797	34,042	15,841	18,201	33,939	15,781	18,158	103	60	43	2.88	4,691
2020	강남구	개포1동	2,646	6,670	3,230	3,440	6,646	3,219	3,427	24	11	13	2.51	1,567
2020	강남구	개포4동	9,522	22,765	11,095	11,670	22,601	11,025	11,576	164	70	94	2.37	2,975
2020	강남구	일원본동	8,145	23,945	11,807	12,138	23,916	11,792	12,124	29	15	14	2.94	2,863
2020	강남구	일원1동	7,467	15,827	7,743	8,084	15,672	7,686	7,986	155	57	98	2.1	3,163
2020	강남구	일원2동	7,353	17,709	8,574	9,135	17,643	8,553	9,090	66	21	45	2.4	3,165
2020	강남구	수서동	7,873	15,299	6,933	8,366	15,231	6,914	8,317	68	19	49	1.93	4,410
2020	강남구	세곡동	17,966	44,475	21,112	23,363	44,292	21,035	23,257	183	77	106	2.47	6,339
2020	강남구	압구정동	10,634	27,440	12,671	14,769	27,270	12,575	14,695	170	96	74	2.56	5,095
2020	강남구	청담동	11,806	27,266	12,757	14,509	27,029	12,637	14,392	237	120	117	2.29	3,820
2020	강남구	대치2동	13,016	37,752	19,214	18,538	37,600	19,124	18,476	152	90	62	2.89	4,685
2020	강남구	개포2동	8,047	22,297	10,775	11,522	22,235	10,743	11,492	62	32	30	2.76	3,142
2020	송파구	소계	281,959	673,926	325,080	348,846	667,960	322,299	345,661	5,966	2,781	3,185	2.37	93,483
2020	송파구	풍납1동	6,383	14,585	7,158	7,427	13,901	6,829	7,072	684	329	355	2.18	2,804
2020	송파구	풍납2동	11,083	25,703	12,213	13,490	25,518	12,133	13,385	185	80	105	2.3	3,672
2020	송파구	거여1동	5,652	13,077	6,615	6,462	12,980	6,579	6,401	97	36	61	2.3	2,302
2020	송파구	거여2동	8,209	19,330	9,484	9,846	19,243	9,451	9,792	87	33	54	2.34	3,487
2020	송파구	마천1동	8,975	19,909	10,137	9,772	19,731	10,071	9,660	178	66	112	2.2	4,171
2020	송파구	마천2동	8,886	19,719	9,988	9,731	19,561	9,919	9,642	158	69	89	2.2	4,043
2020	송파구	방이1동	6,319	16,298	7,858	8,440	16,188	7,803	8,385	110	55	55	2.56	2,143
2020	송파구	방이2동	14,572	26,675	12,549	14,126	26,169	12,316	13,853	506	233	273	1.8	3,404
2020	송파구	오륜동	5,956	18,495	9,095	9,400	18,484	9,090	9,394	11	5	6	3.1	2,610
2020	송파구	오금동	15,697	39,668	19,228	20,440	39,504	19,152	20,352	164	76	88	2.52	6,087
2020	송파구	송파1동	12,432	25,190	11,829	13,361	24,813	11,629	13,184	377	200	177	2	3,402
2020	송파구	송파2동	7,648	20,800	9,988	10,812	20,646	9,908	10,738	154	80	74	2.7	2,867
2020	송파구	석촌동	17,076	33,166	15,800	17,366	32,527	15,501	17,026	639	299	340	1.9	4,408
2020	송파구	삼전동	16,347	31,839	14,999	16,840	31,455	14,838	16,617	384	161	223	1.92	3,921
2020	송파구	가락본동	12,018	27,368	13,556	13,812	27,057	13,410	13,647	311	146	165	2.25	3,661
2020	송파구	가락1동	9,903	27,876	13,544	14,332	27,792	13,505	14,287	84	39	45	2.81	3,058
2020	송파구	가락2동	12,378	33,204	16,323	16,881	33,015	16,240	16,775	189	83	106	2.67	4,107
2020	송파구	문정1동	8,571	20,868	10,281	10,587	20,689	10,203	10,486	179	78	101	2.41	2,926
2020	송파구	문정2동	15,564	29,547	13,670	15,877	29,378	13,608	15,770	169	62	107	1.89	3,826
2020	송파구	잠실본동	15,435	29,093	13,735	15,358	28,572	13,495	15,077	521	240	281	1.85	3,688
2020	송파구	잠실4동	7,427	21,798	10,475	11,323	21,721	10,438	11,283	77	37	40	2.92	2,719
2020	송파구	잠실6동	5,981	17,366	8,214	9,152	17,198	8,119	9,079	168	95	73	2.88	2,766
2020	송파구	잠실7동	3,464	9,903	4,620	5,283	9,888	4,612	5,276	15	8	7	2.85	2,107
2020	송파구	잠실2동	11,893	36,216	17,314	18,902	36,110	17,248	18,862	106	66	40	3.04	3,515
2020	송파구	잠실3동	12,132	35,497	16,919	18,578	35,316	16,824	18,492	181	95	86	2.91	5,409
2020	송파구	장지동	12,156	30,370	14,716	15,654	30,199	14,627	15,572	171	89	82	2.48	4,118
2020	송파구	위례동	9,802	30,366	14,772	15,594	30,305	14,751	15,554	61	21	40	3.09	2,262
2020	강동구	소계	196,499	463,998	228,044	235,954	459,970	226,216	233,754	4,028	1,828	2,200	2.34	70,019
2020	강동구	강일동	13,063	35,778	17,250	18,528	35,609	17,178	18,431	169	72	97	2.73	5,323
2020	강동구	상일동	11,609	33,345	16,438	16,907	33,222	16,379	16,843	123	59	64	2.86	3,659
2020	강동구	명일1동	10,109	26,377	12,859	13,518	26,288	12,826	13,462	89	33	56	2.6	3,856
2020	강동구	명일2동	6,130	17,555	8,679	8,876	17,513	8,663	8,850	42	16	26	2.86	2,463
2020	강동구	고덕1동	8,804	26,103	13,292	12,811	25,961	13,193	12,768	142	99	43	2.95	2,783
2020	강동구	고덕2동	8,717	22,568	11,413	11,155	22,457	11,356	11,101	111	57	54	2.58	2,752
2020	강동구	암사2동	6,350	15,507	7,504	8,003	15,443	7,480	7,963	64	24	40	2.43	2,327
2020	강동구	암사3동	6,371	18,420	9,014	9,406	18,371	8,991	9,380	49	23	26	2.88	2,531
2020	강동구	천호1동	12,912	27,745	13,603	14,142	27,488	13,511	13,977	257	92	165	2.13	5,008
2020	강동구	천호3동	13,919	27,085	13,235	13,850	26,585	12,992	13,593	500	243	257	1.91	4,577
2020	강동구	성내1동	8,267	20,353	9,869	10,484	20,228	9,820	10,408	125	49	76	2.45	2,963
2020	강동구	성내2동	12,913	24,948	12,248	12,700	24,305	11,926	12,379	643	322	321	1.88	4,231
2020	강동구	성내3동	10,603	23,692	11,641	12,051	23,429	11,537	11,892	263	104	159	2.21	3,701
2020	강동구	둔촌1동	156	262	123	139	249	118	131	13	5	8	1.6	97
2020	강동구	둔촌2동	11,019	26,413	12,981	13,432	26,284	12,926	13,358	129	55	74	2.39	4,135
2020	강동구	암사1동	16,172	35,728	17,677	18,051	35,432	17,554	17,878	296	123	173	2.19	5,965
2020	강동구	천호2동	17,798	35,251	17,402	17,849	34,550	17,061	17,489	701	341	360	1.94	5,969
2020	강동구	길동	21,587	46,868	22,816	24,052	46,556	22,705	23,851	312	111	201	2.16	7,679