기간	자치구	동	합계	합계	20대 이하(29세 이하)	20대 이하(29세 이하)	30대(30~39세)	30대(30~39세)	40대(40~49세)	40대(40~49세)	50대(50~59세)	50대(50~59세)	60대 이상(60세 이상)	60대 이상(60세 이상)
기간	자치구	동	사업체수	종사자수	사업체수	종사자수	사업체수	종사자수	사업체수	종사자수	사업체수	종사자수	사업체수	종사자수
2019	합계	합계	823,624	5,226,997	19,734	56,363	116,841	392,457	217,424	1,198,828	271,016	2,120,610	198,609	1,458,739
2019	종로구	소계	39,679	260,446	755	1,942	4,569	13,595	10,211	47,668	13,142	118,271	11,002	78,970
2019	종로구	사직동	3,574	47,522	73	190	375	1,379	935	8,070	1,239	17,251	952	20,632
2019	종로구	삼청동	732	4,601	17	60	141	464	199	817	190	1,089	185	2,171
2019	종로구	부암동	599	3,454	18	41	73	171	169	669	185	1,014	154	1,559
2019	종로구	평창동	761	3,447	22	78	66	176	177	1,058	253	1,014	243	1,121
2019	종로구	무악동	647	1,644	4	10	147	210	144	287	235	442	117	695
2019	종로구	교남동	413	4,581	10	26	60	210	107	476	124	3,494	112	375
2019	종로구	가회동	765	12,817	12	33	106	319	218	1,187	238	5,226	191	6,052
2019	종로구	종로1.2.3.4가동	15,472	108,747	222	661	1,433	4,870	3,798	19,330	5,184	55,208	4,835	28,678
2019	종로구	종로5·6가동	7,238	24,537	111	253	789	1,838	2,067	6,150	2,393	9,908	1,878	6,388
2019	종로구	이화동	1,191	17,244	36	127	197	886	310	1,587	380	11,636	268	3,008
2019	종로구	창신1동	2,179	5,907	59	127	323	724	535	1,697	686	2,039	576	1,320
2019	종로구	창신2동	864	2,216	13	25	77	180	216	578	366	1,091	192	342
2019	종로구	창신3동	281	895	8	11	43	85	64	141	109	458	57	200
2019	종로구	숭인1동	493	1,545	14	30	67	183	126	360	198	776	88	196
2019	종로구	숭인2동	1,747	6,886	42	76	197	573	423	1,700	570	2,868	515	1,669
2019	종로구	청운효자동	1,028	5,656	22	40	166	391	272	1,607	311	2,014	257	1,604
2019	종로구	혜화동	1,695	8,747	72	154	309	936	451	1,954	481	2,743	382	2,960
2019	중구	소계	60,127	392,568	1,321	4,089	8,128	24,831	15,839	86,752	19,033	161,351	15,806	115,545
2019	중구	소공동	3,849	64,144	100	617	426	2,262	1,040	13,687	1,235	26,295	1,048	21,283
2019	중구	회현동	8,566	45,216	152	374	936	2,140	2,149	13,762	2,658	17,929	2,671	11,011
2019	중구	명동	6,965	110,390	128	1,035	807	4,545	1,853	20,228	2,330	47,707	1,847	36,875
2019	중구	필동	2,886	22,404	43	92	239	774	746	4,099	1,137	11,677	721	5,762
2019	중구	장충동	819	9,181	14	48	62	225	213	1,057	293	4,913	237	2,938
2019	중구	광희동	8,472	36,451	166	377	1,046	3,109	2,116	7,438	2,779	15,488	2,365	10,039
2019	중구	을지로동	8,812	35,333	97	226	619	1,724	1,834	6,009	3,077	15,243	3,185	12,131
2019	중구	신당5동	1,193	4,057	44	98	148	416	277	894	454	1,846	270	803
2019	중구	황학동	1,947	5,643	69	107	218	587	454	1,205	663	2,294	543	1,450
2019	중구	중림동	1,016	7,530	23	67	107	487	256	1,759	329	2,881	301	2,336
2019	중구	신당동	11,459	29,891	351	741	2,965	6,840	3,749	9,399	2,726	8,602	1,668	4,309
2019	중구	다산동	1,424	9,742	40	88	207	739	407	3,672	434	1,934	336	3,309
2019	중구	약수동	833	4,122	28	64	96	252	223	978	253	1,627	233	1,201
2019	중구	청구동	881	4,419	45	105	111	335	225	1,196	311	1,354	189	1,429
2019	중구	동화동	1,005	4,045	21	50	141	396	297	1,369	354	1,561	192	669
2019	용산구	소계	20,254	135,240	592	1,621	3,380	11,209	5,780	32,374	6,038	53,864	4,464	36,172
2019	용산구	후암동	928	3,658	33	71	179	403	240	912	287	1,362	189	910
2019	용산구	용산2가동	601	2,070	36	67	166	387	140	420	132	776	127	420
2019	용산구	남영동	1,619	20,322	28	94	226	923	436	5,068	495	10,578	434	3,659
2019	용산구	원효로2동	958	6,846	12	23	113	310	330	2,555	306	2,436	197	1,522
2019	용산구	효창동	418	2,182	12	26	57	116	104	475	147	559	98	1,006
2019	용산구	용문동	630	1,789	19	35	76	157	165	541	200	664	170	392
2019	용산구	이촌1동	812	3,613	11	46	89	273	211	767	268	1,592	233	935
2019	용산구	이촌2동	347	832	4	6	65	97	69	182	96	255	113	292
2019	용산구	이태원1동	1,538	7,006	65	226	313	1,082	406	1,933	431	1,706	323	2,059
2019	용산구	이태원2동	720	2,208	38	72	196	512	201	694	164	535	121	395
2019	용산구	서빙고동	414	4,683	9	22	54	747	121	1,415	118	1,432	112	1,067
2019	용산구	보광동	840	2,076	26	43	140	314	183	428	281	776	210	515
2019	용산구	청파동	1,685	8,542	64	156	232	544	419	1,607	581	2,529	389	3,706
2019	용산구	원효로1동	1,758	10,067	53	134	278	890	542	2,631	506	3,107	379	3,305
2019	용산구	한강로동	4,899	41,427	114	397	705	2,675	1,594	8,674	1,469	17,786	1,017	11,895
2019	용산구	한남동	2,087	17,919	68	203	491	1,779	619	4,072	557	7,771	352	4,094
2019	성동구	소계	28,343	178,243	696	1,919	4,659	17,014	7,812	42,358	9,297	73,955	5,879	42,997
2019	성동구	왕십리2동	824	2,757	24	52	113	284	213	748	296	1,052	178	621
2019	성동구	마장동	3,207	12,056	47	113	509	1,251	847	2,895	1,052	4,912	752	2,885
2019	성동구	사근동	1,072	10,842	42	121	216	783	308	1,147	309	2,273	197	6,518
2019	성동구	행당1동	1,388	8,651	42	132	249	988	416	1,892	414	4,654	267	985
2019	성동구	행당2동	627	2,050	12	30	109	240	192	627	221	834	93	319
2019	성동구	응봉동	369	1,028	7	14	53	82	97	334	147	376	65	222
2019	성동구	금호1가동	567	2,100	11	31	105	292	146	598	203	842	102	337
2019	성동구	금호4가동	657	2,026	14	30	121	317	156	459	194	712	172	508
2019	성동구	성수1가1동	1,792	10,716	36	138	275	1,233	495	2,879	614	4,228	372	2,238
2019	성동구	성수1가2동	2,877	21,512	96	338	555	2,464	869	6,175	885	8,586	472	3,949
2019	성동구	성수2가1동	2,526	18,394	73	237	334	1,023	627	4,072	921	7,880	571	5,182
2019	성동구	성수2가3동	5,805	53,249	123	323	924	4,672	1,652	12,656	1,967	24,651	1,139	10,947
2019	성동구	송정동	711	2,709	20	29	127	241	150	400	223	1,057	191	982
2019	성동구	용답동	1,864	13,279	45	115	213	745	505	2,132	641	6,281	460	4,006
2019	성동구	왕십리도선동	2,176	10,015	63	147	414	1,408	612	3,016	661	3,443	426	2,001
2019	성동구	금호2.3가동	1,013	2,670	22	31	178	389	251	669	307	1,016	255	565
2019	성동구	옥수동	868	4,189	19	38	164	602	276	1,659	242	1,158	167	732
2019	광진구	소계	24,445	126,305	737	1,875	3,738	11,407	6,212	29,068	7,898	46,193	5,860	37,762
2019	광진구	화양동	2,447	15,023	121	339	587	2,087	645	2,908	637	3,733	457	5,956
2019	광진구	군자동	1,593	10,021	54	135	236	751	398	2,012	513	2,743	392	4,380
2019	광진구	중곡1동	1,588	6,288	51	124	189	472	399	1,861	575	2,587	374	1,244
2019	광진구	중곡2동	1,674	6,959	38	75	221	745	420	1,816	603	3,068	392	1,255
2019	광진구	중곡3동	1,301	4,543	33	85	157	346	296	1,378	465	1,620	350	1,114
2019	광진구	중곡4동	1,524	4,751	40	120	194	489	331	893	538	1,921	421	1,328
2019	광진구	능동	802	5,723	14	36	146	469	205	1,212	251	2,576	186	1,430
2019	광진구	구의1동	1,760	6,989	47	112	252	626	442	2,240	563	2,257	456	1,754
2019	광진구	구의2동	1,309	5,912	35	73	190	504	303	1,965	407	1,782	374	1,588
2019	광진구	구의3동	2,695	16,544	63	149	443	1,462	808	3,904	829	6,869	552	4,160
2019	광진구	광장동	1,398	16,114	30	90	143	457	390	1,975	508	7,543	327	6,049
2019	광진구	자양1동	1,780	8,987	49	111	255	712	457	2,454	618	2,582	401	3,128
2019	광진구	자양2동	1,433	6,095	44	84	196	496	325	1,227	455	2,799	413	1,489
2019	광진구	자양3동	1,324	6,185	51	149	233	845	350	1,721	395	2,068	295	1,402
2019	광진구	자양4동	1,817	6,171	67	193	296	946	443	1,502	541	2,045	470	1,485
2019	동대문구	소계	31,324	138,400	673	1,629	4,171	11,295	7,988	33,181	10,328	50,930	8,164	41,365
2019	동대문구	회기동	1,034	10,615	64	136	237	670	289	965	267	4,526	177	4,318
2019	동대문구	휘경1동	929	3,558	20	40	118	341	226	971	285	1,170	280	1,036
2019	동대문구	휘경2동	1,221	4,930	19	31	275	447	264	1,006	442	1,616	221	1,830
2019	동대문구	청량리동	1,614	8,267	22	64	170	398	381	1,874	509	2,328	532	3,603
2019	동대문구	용신동	5,195	28,569	89	257	513	1,936	1,416	5,350	1,754	12,393	1,423	8,633
2019	동대문구	제기동	4,632	13,499	99	218	357	890	1,164	4,262	1,428	4,398	1,584	3,731
2019	동대문구	전농1동	2,262	7,802	72	181	351	880	611	1,909	696	2,865	532	1,967
2019	동대문구	전농2동	920	4,853	17	31	131	265	226	2,514	339	1,567	207	476
2019	동대문구	답십리1동	1,971	8,041	28	55	345	963	474	2,059	644	2,748	480	2,216
2019	동대문구	답십리2동	2,187	7,544	40	110	257	659	524	1,755	802	3,144	564	1,876
2019	동대문구	장안1동	4,409	20,501	97	244	659	1,815	1,113	5,629	1,520	7,388	1,020	5,425
2019	동대문구	장안2동	3,071	11,503	62	169	455	1,340	799	3,202	1,031	4,156	724	2,636
2019	동대문구	이문1동	1,191	6,425	33	72	197	494	322	1,053	372	1,644	267	3,162
2019	동대문구	이문2동	688	2,293	11	21	106	197	179	632	239	987	153	456
2019	중랑구	소계	28,228	103,345	549	1,434	3,463	9,152	6,297	23,662	10,352	45,361	7,567	23,736
2019	중랑구	면목2동	2,062	6,306	38	118	219	514	491	1,536	804	2,720	510	1,418
2019	중랑구	면목4동	1,172	3,839	18	33	147	339	227	698	454	1,514	326	1,255
2019	중랑구	면목5동	830	3,050	11	28	76	320	174	575	349	1,383	220	744
2019	중랑구	면목7동	1,477	4,335	36	62	174	428	360	1,094	498	1,719	409	1,032
2019	중랑구	상봉1동	1,171	6,638	34	80	174	715	258	1,306	416	2,887	289	1,650
2019	중랑구	상봉2동	2,159	9,306	68	150	295	985	470	2,171	714	4,074	612	1,926
2019	중랑구	중화1동	1,089	3,590	17	39	107	232	246	1,061	424	1,546	295	712
2019	중랑구	중화2동	2,111	6,771	38	110	236	563	534	1,576	748	2,372	555	2,150
2019	중랑구	묵1동	1,555	5,736	28	71	231	576	374	1,788	504	2,007	418	1,294
2019	중랑구	묵2동	1,811	4,688	33	88	205	387	400	1,159	676	2,018	497	1,036
2019	중랑구	망우3동	1,132	3,746	22	47	114	445	256	784	440	1,573	300	897
2019	중랑구	신내1동	2,017	11,518	38	91	277	624	480	2,578	700	6,107	522	2,118
2019	중랑구	신내2동	1,120	6,468	19	82	135	399	263	1,202	393	3,820	310	965
2019	중랑구	면목본동	2,572	7,681	55	159	299	847	561	1,716	1,031	3,342	626	1,617
2019	중랑구	면목3.8동	2,123	7,671	45	128	272	752	481	1,783	773	3,042	552	1,966
2019	중랑구	망우본동	3,827	12,002	49	148	502	1,026	722	2,635	1,428	5,237	1,126	2,956
2019	성북구	소계	23,617	111,005	602	1,782	3,149	9,709	5,975	24,478	7,645	38,574	6,246	36,462
2019	성북구	돈암1동	386	2,116	6	22	38	125	92	402	115	926	135	641
2019	성북구	돈암2동	421	2,477	8	11	43	109	102	404	158	786	110	1,167
2019	성북구	안암동	1,431	13,406	62	208	266	820	399	4,266	439	2,652	265	5,460
2019	성북구	보문동	1,294	5,461	30	59	150	429	293	1,059	466	1,968	355	1,946
2019	성북구	정릉1동	757	1,976	15	30	77	188	197	540	254	788	214	430
2019	성북구	정릉2동	904	2,961	10	22	118	244	226	844	316	1,360	234	491
2019	성북구	정릉3동	717	4,764	24	80	87	173	157	771	229	1,427	220	2,313
2019	성북구	정릉4동	929	4,131	16	37	103	215	193	558	320	1,716	297	1,605
2019	성북구	길음1동	1,008	3,921	16	41	130	424	292	1,127	293	1,567	277	762
2019	성북구	길음2동	995	4,816	22	50	183	538	263	1,158	314	2,085	213	985
2019	성북구	월곡1동	1,361	5,403	22	55	139	340	346	1,366	477	2,631	377	1,011
2019	성북구	월곡2동	1,558	8,951	53	125	213	588	389	1,478	531	2,750	372	4,010
2019	성북구	장위1동	911	2,263	17	62	83	197	195	441	330	989	286	574
2019	성북구	장위2동	1,106	3,218	19	40	98	208	232	643	405	1,503	352	824
2019	성북구	장위3동	597	2,331	8	21	69	204	144	458	173	714	203	934
2019	성북구	성북동	1,174	5,315	29	50	159	388	332	1,271	345	2,243	309	1,363
2019	성북구	삼선동	1,834	8,921	58	132	259	703	474	1,642	582	2,831	461	3,613
2019	성북구	동선동	2,037	9,961	117	317	466	1,565	595	2,289	480	2,618	379	3,172
2019	성북구	종암동	2,034	8,629	31	326	241	743	540	2,005	689	3,957	533	1,598
2019	성북구	석관동	2,163	9,984	39	94	227	1,508	514	1,756	729	3,063	654	3,563
2019	강북구	소계	19,014	73,904	547	1,461	2,606	7,382	4,534	18,128	6,187	29,881	5,140	17,052
2019	강북구	번1동	1,895	9,633	66	227	261	1,253	510	2,818	604	3,634	454	1,701
2019	강북구	번2동	640	3,657	14	40	71	173	114	502	230	1,930	211	1,012
2019	강북구	번3동	869	3,147	13	24	135	213	179	696	278	1,354	264	860
2019	강북구	수유1동	1,473	5,349	39	86	153	328	354	1,251	484	2,555	443	1,129
2019	강북구	수유2동	1,280	3,797	37	94	146	278	309	922	441	1,617	347	886
2019	강북구	수유3동	2,542	9,146	104	292	405	1,240	633	2,112	794	2,818	606	2,684
2019	강북구	삼양동	1,059	3,509	22	68	149	368	250	696	330	1,351	308	1,026
2019	강북구	미아동	1,740	6,824	73	159	235	641	409	1,445	593	3,056	430	1,523
2019	강북구	송중동	2,117	8,611	69	215	342	1,302	537	2,445	672	3,192	497	1,457
2019	강북구	송천동	2,041	7,973	37	95	227	621	450	2,462	716	2,966	611	1,829
2019	강북구	삼각산동	782	2,247	18	31	117	244	240	734	257	961	150	277
2019	강북구	우이동	1,016	4,252	26	55	146	284	217	696	315	1,907	312	1,310
2019	강북구	인수동	1,560	5,759	29	75	219	437	332	1,349	473	2,540	507	1,358
2019	도봉구	소계	18,628	72,939	320	806	2,295	5,488	4,193	18,820	6,501	29,501	5,319	18,324
2019	도봉구	쌍문1동	913	3,831	19	56	122	234	196	867	303	2,050	273	624
2019	도봉구	쌍문2동	1,280	5,572	26	85	185	505	270	1,831	465	1,821	334	1,330
2019	도봉구	쌍문3동	966	4,182	19	44	131	399	254	818	306	2,286	256	635
2019	도봉구	쌍문4동	611	2,093	9	19	77	182	116	292	228	928	181	672
2019	도봉구	방학1동	2,350	13,653	49	123	297	728	597	4,103	817	4,737	590	3,962
2019	도봉구	방학2동	1,219	2,909	23	56	146	295	270	600	420	1,227	360	731
2019	도봉구	방학3동	898	3,169	20	47	101	355	179	905	324	1,226	274	636
2019	도봉구	창1동	1,538	3,958	16	49	244	462	327	884	519	1,835	432	728
2019	도봉구	창2동	1,410	4,428	23	52	172	336	309	863	530	1,817	376	1,360
2019	도봉구	창3동	915	2,170	13	24	87	169	229	488	321	911	265	578
2019	도봉구	창4동	1,319	7,530	26	64	143	476	319	2,105	461	2,734	370	2,151
2019	도봉구	창5동	2,157	7,359	33	68	268	636	412	2,060	777	2,789	667	1,806
2019	도봉구	도봉1동	1,626	5,766	26	53	151	348	362	1,339	586	2,395	501	1,631
2019	도봉구	도봉2동	1,426	6,319	18	66	171	363	353	1,665	444	2,745	440	1,480
2019	노원구	소계	26,618	116,684	586	1,479	3,031	9,200	6,397	26,829	9,055	50,892	7,549	28,284
2019	노원구	월계1동	1,466	6,721	33	70	176	543	371	1,549	479	3,537	407	1,022
2019	노원구	월계2동	930	3,255	11	18	96	223	186	784	341	1,331	296	899
2019	노원구	월계3동	996	4,143	24	65	91	157	220	1,226	345	1,304	316	1,391
2019	노원구	공릉2동	1,955	11,629	42	110	260	632	509	1,716	604	5,230	540	3,941
2019	노원구	하계1동	1,088	7,931	22	86	133	379	259	1,527	424	4,542	250	1,397
2019	노원구	하계2동	414	1,220	6	25	34	69	73	246	156	611	145	269
2019	노원구	중계본동	1,205	5,602	21	65	133	395	347	1,215	432	2,352	272	1,575
2019	노원구	중계1동	1,050	4,205	15	34	119	379	304	1,307	369	1,501	243	984
2019	노원구	중계4동	1,059	3,923	22	42	127	403	270	876	358	1,787	282	815
2019	노원구	상계1동	3,183	9,518	42	121	247	719	573	2,362	1,126	3,528	1,195	2,788
2019	노원구	상계2동	2,668	10,536	101	262	447	1,500	744	2,991	808	3,783	568	2,000
2019	노원구	상계5동	1,567	4,936	47	88	180	459	417	1,173	550	2,224	373	992
2019	노원구	상계8동	484	1,697	9	17	40	74	117	381	177	587	141	638
2019	노원구	상계9동	698	2,520	14	36	61	150	137	480	243	1,302	243	552
2019	노원구	상계10동	515	2,188	12	28	66	122	108	305	158	1,380	171	353
2019	노원구	상계3.4동	1,196	3,787	15	24	104	206	252	753	409	1,902	416	902
2019	노원구	상계6.7동	1,921	15,772	39	92	208	1,222	508	3,546	668	7,244	498	3,668
2019	노원구	중계2.3동	1,382	5,153	26	68	161	605	350	1,109	480	2,409	365	962
2019	노원구	공릉1동	2,841	11,948	85	228	348	963	652	3,283	928	4,338	828	3,136
2019	은평구	소계	24,681	93,631	618	1,552	3,380	9,748	5,945	22,078	8,800	37,814	5,938	22,439
2019	은평구	녹번동	1,962	9,531	42	131	287	838	460	1,810	729	4,794	444	1,958
2019	은평구	불광1동	1,627	7,034	40	103	208	764	372	1,658	606	3,189	401	1,320
2019	은평구	갈현1동	1,498	4,881	46	110	227	619	396	1,561	475	1,401	354	1,190
2019	은평구	갈현2동	1,579	5,985	51	120	251	705	378	1,164	546	2,990	353	1,006
2019	은평구	구산동	1,216	5,509	20	38	167	336	269	1,114	484	3,056	276	965
2019	은평구	대조동	2,430	7,864	74	214	311	917	717	2,283	783	2,941	545	1,509
2019	은평구	응암1동	1,661	7,831	34	89	224	853	435	1,861	550	2,830	418	2,198
2019	은평구	응암2동	707	2,102	13	22	106	215	178	435	250	1,082	160	348
2019	은평구	신사1동	1,347	4,066	47	114	182	432	284	878	513	1,651	321	991
2019	은평구	신사2동	1,704	3,716	21	44	217	409	251	828	740	1,528	475	907
2019	은평구	증산동	945	3,619	16	42	113	570	206	746	346	1,158	264	1,103
2019	은평구	수색동	514	2,264	12	26	50	124	85	485	187	1,085	180	544
2019	은평구	진관동	1,894	12,366	71	212	317	1,259	563	2,732	635	4,265	308	3,898
2019	은평구	불광2동	1,295	3,943	23	50	140	343	297	1,157	466	1,337	369	1,056
2019	은평구	응암3동	1,768	5,142	41	79	224	559	406	1,173	613	1,856	484	1,475
2019	은평구	역촌동	2,534	7,778	67	158	356	805	648	2,193	877	2,651	586	1,971
2019	서대문구	소계	20,095	113,819	666	1,906	3,336	8,575	5,116	21,180	6,397	40,776	4,580	41,382
2019	서대문구	천연동	915	3,069	19	41	104	219	236	723	298	1,218	258	868
2019	서대문구	홍제1동	1,154	4,827	37	87	147	348	281	805	408	1,749	281	1,838
2019	서대문구	홍제3동	1,157	3,687	20	39	158	410	269	885	380	1,273	330	1,080
2019	서대문구	홍제2동	594	1,699	14	22	69	152	151	409	201	698	159	418
2019	서대문구	홍은1동	999	2,658	23	59	124	227	256	673	323	1,005	273	694
2019	서대문구	홍은2동	1,219	5,414	37	75	208	441	297	848	399	1,877	278	2,173
2019	서대문구	남가좌1동	691	2,204	20	54	102	224	177	646	211	770	181	510
2019	서대문구	남가좌2동	1,310	5,271	32	57	193	419	346	1,347	444	1,498	295	1,950
2019	서대문구	북가좌1동	681	3,173	19	59	121	258	184	664	229	1,437	128	755
2019	서대문구	북가좌2동	2,443	6,752	44	77	472	734	578	2,452	860	2,236	489	1,253
2019	서대문구	충현동	1,817	24,246	39	315	208	586	399	3,191	686	13,838	485	6,316
2019	서대문구	북아현동	862	2,420	25	44	122	243	230	615	291	1,083	194	435
2019	서대문구	신촌동	3,901	37,647	239	789	898	3,342	1,104	5,732	977	8,305	683	19,479
2019	서대문구	연희동	2,352	10,752	98	188	410	972	608	2,190	690	3,789	546	3,613
2019	마포구	소계	37,290	247,276	1,507	3,988	7,290	24,392	10,869	59,929	10,533	103,194	7,091	55,773
2019	마포구	용강동	2,566	18,813	36	128	323	1,171	743	4,894	878	7,825	586	4,795
2019	마포구	대흥동	1,571	10,097	58	174	242	753	459	2,572	465	3,428	347	3,170
2019	마포구	염리동	726	4,383	27	57	134	438	166	685	227	1,763	172	1,440
2019	마포구	신수동	1,209	5,549	47	83	195	393	316	1,076	351	2,477	300	1,520
2019	마포구	서교동	9,552	57,173	519	1,672	2,387	9,650	3,116	17,164	2,245	18,570	1,285	10,117
2019	마포구	합정동	2,397	11,154	132	267	626	1,808	696	3,107	540	4,181	403	1,791
2019	마포구	망원1동	1,899	5,293	81	166	412	973	451	1,528	506	1,661	449	965
2019	마포구	망원2동	1,348	4,505	35	75	239	511	344	1,336	457	1,780	273	803
2019	마포구	연남동	1,915	6,911	162	372	609	1,645	542	2,198	357	1,652	245	1,044
2019	마포구	성산1동	1,534	11,155	46	106	246	808	450	2,021	451	3,996	341	4,224
2019	마포구	성산2동	1,757	11,682	38	82	202	392	428	1,656	657	7,345	432	2,207
2019	마포구	상암동	2,531	41,880	76	211	473	2,267	845	7,060	796	23,165	341	9,177
2019	마포구	도화동	2,082	16,774	50	158	252	836	586	3,711	658	8,055	536	4,014
2019	마포구	서강동	1,828	12,774	115	248	459	1,423	567	3,564	437	2,839	250	4,700
2019	마포구	공덕동	2,756	18,197	55	106	308	764	714	4,935	961	9,557	718	2,835
2019	마포구	아현동	1,619	10,936	30	83	183	560	446	2,422	547	4,900	413	2,971
2019	양천구	소계	25,894	121,582	580	1,484	3,242	9,175	6,156	26,079	9,634	56,592	6,282	28,252
2019	양천구	목1동	2,872	21,666	74	257	426	1,873	911	5,546	978	10,210	483	3,780
2019	양천구	목2동	1,196	4,523	38	69	167	420	271	1,159	419	1,710	301	1,165
2019	양천구	목3동	1,282	4,740	34	81	190	491	303	1,137	433	1,786	322	1,245
2019	양천구	목4동	1,347	3,945	40	81	177	412	303	868	513	1,617	314	967
2019	양천구	신월1동	1,765	5,183	39	123	189	490	381	1,209	700	2,263	456	1,098
2019	양천구	신월2동	1,175	3,943	14	23	141	356	210	618	468	1,888	342	1,058
2019	양천구	신월3동	958	4,019	19	30	128	380	184	917	378	1,567	249	1,125
2019	양천구	신월4동	1,166	4,255	22	56	150	289	256	1,116	421	1,598	317	1,196
2019	양천구	신월5동	994	4,849	32	89	114	243	224	1,095	386	1,910	238	1,512
2019	양천구	신월6동	1,336	3,129	8	14	89	147	138	403	657	1,593	444	972
2019	양천구	신월7동	1,324	5,406	23	65	152	246	283	982	483	2,203	383	1,910
2019	양천구	신정1동	1,175	5,322	26	55	123	296	335	1,250	432	2,798	259	923
2019	양천구	신정2동	1,091	3,806	31	80	136	334	285	1,048	384	1,433	255	911
2019	양천구	신정3동	1,814	9,284	34	68	219	701	354	1,366	697	4,527	510	2,622
2019	양천구	신정6동	714	6,916	12	26	82	273	215	1,120	268	4,788	137	709
2019	양천구	신정7동	1,030	4,457	20	49	147	393	243	1,045	417	2,262	203	708
2019	양천구	목5동	1,565	10,700	29	61	177	522	493	1,815	556	6,556	310	1,746
2019	양천구	신정4동	3,090	15,439	85	257	435	1,309	767	3,385	1,044	5,883	759	4,605
2019	강서구	소계	39,458	257,494	1,037	3,134	6,490	21,061	10,597	68,725	12,823	99,300	8,511	65,274
2019	강서구	염창동	2,170	17,152	42	137	283	1,071	536	3,787	777	7,806	532	4,351
2019	강서구	등촌1동	1,812	15,763	58	173	277	1,002	468	2,757	618	8,208	391	3,623
2019	강서구	등촌2동	737	3,541	18	40	83	171	198	885	242	1,385	196	1,060
2019	강서구	등촌3동	2,533	19,252	75	235	361	1,465	669	3,887	901	7,982	527	5,683
2019	강서구	화곡본동	1,389	4,179	28	46	204	564	350	1,043	434	1,296	373	1,230
2019	강서구	화곡2동	855	2,732	13	35	126	258	218	562	272	747	226	1,130
2019	강서구	화곡3동	1,222	4,170	36	126	201	743	310	1,044	416	1,566	259	691
2019	강서구	화곡4동	1,469	3,988	36	82	204	486	336	992	496	1,554	397	874
2019	강서구	화곡6동	1,749	10,847	52	126	257	934	471	2,765	543	2,919	426	4,103
2019	강서구	화곡8동	1,275	4,167	31	74	182	454	327	1,562	401	1,371	334	706
2019	강서구	가양1동	5,790	56,353	214	671	1,288	4,976	2,039	14,226	1,563	23,594	686	12,886
2019	강서구	가양2동	633	3,383	19	38	95	252	171	994	183	1,549	165	550
2019	강서구	가양3동	904	7,374	15	39	99	467	225	2,211	334	2,776	231	1,881
2019	강서구	발산1동	3,375	19,865	92	311	527	1,911	1,044	6,193	1,121	7,324	591	4,126
2019	강서구	공항동	2,040	36,149	41	145	304	1,086	538	14,507	698	9,299	459	11,112
2019	강서구	방화1동	2,621	11,003	58	210	409	1,074	685	2,707	920	5,051	549	1,961
2019	강서구	방화2동	3,279	14,018	56	252	681	1,683	616	2,629	1,138	6,028	788	3,426
2019	강서구	방화3동	893	4,698	18	63	99	255	169	563	329	2,185	278	1,632
2019	강서구	화곡1동	3,048	10,879	90	218	485	1,349	718	3,179	947	3,513	808	2,620
2019	강서구	우장산동	1,664	7,981	45	113	325	860	509	2,232	490	3,147	295	1,629
2019	구로구	소계	38,756	225,668	740	2,134	4,662	15,447	10,806	59,692	13,539	96,304	9,009	52,091
2019	구로구	신도림동	2,784	15,121	48	276	381	1,223	770	3,959	906	5,946	679	3,717
2019	구로구	구로1동	728	3,603	19	41	95	206	206	1,279	244	1,454	164	623
2019	구로구	구로3동	7,883	92,379	189	686	1,167	6,141	2,652	25,487	2,599	42,415	1,276	17,650
2019	구로구	구로4동	2,133	6,044	50	132	275	555	566	1,863	719	2,161	523	1,333
2019	구로구	구로5동	4,477	26,529	96	241	541	1,810	1,327	7,142	1,671	9,193	842	8,143
2019	구로구	고척1동	2,541	10,116	41	109	226	680	569	2,839	940	4,134	765	2,354
2019	구로구	고척2동	1,460	4,177	23	44	160	366	373	998	555	1,913	349	856
2019	구로구	개봉2동	1,212	3,361	18	46	164	363	330	974	401	1,062	299	916
2019	구로구	개봉3동	1,020	7,391	19	47	150	244	250	659	337	5,490	264	951
2019	구로구	오류1동	1,187	4,795	49	115	163	448	275	1,192	393	1,572	307	1,468
2019	구로구	오류2동	1,729	9,157	35	70	276	808	443	2,910	589	3,836	386	1,533
2019	구로구	수궁동	1,258	6,199	9	14	153	422	270	1,282	465	2,369	361	2,112
2019	구로구	가리봉동	993	3,179	26	37	129	236	234	668	306	1,399	298	839
2019	구로구	구로2동	7,653	28,133	84	181	584	1,494	2,116	7,131	2,798	11,561	2,071	7,766
2019	구로구	개봉1동	1,698	5,484	34	95	198	451	425	1,309	616	1,799	425	1,830
2019	금천구	소계	33,814	242,686	664	2,152	3,883	15,003	9,632	67,125	12,575	105,202	7,060	53,204
2019	금천구	가산동	16,661	170,886	349	1,364	2,171	10,285	5,695	51,258	5,950	72,569	2,496	35,410
2019	금천구	독산1동	4,037	25,241	89	267	464	1,752	1,013	6,438	1,503	11,115	968	5,669
2019	금천구	독산2동	1,154	3,514	19	37	108	265	257	663	476	1,376	294	1,173
2019	금천구	독산3동	2,087	6,500	41	94	207	467	445	1,330	772	2,638	622	1,971
2019	금천구	독산4동	994	3,130	23	48	112	331	228	742	390	1,216	241	793
2019	금천구	시흥1동	3,078	15,728	56	143	348	998	738	2,880	1,112	8,773	824	2,934
2019	금천구	시흥2동	651	2,009	23	39	94	112	142	385	275	1,202	117	271
2019	금천구	시흥3동	3,167	10,083	38	98	174	449	640	2,075	1,322	4,062	993	3,399
2019	금천구	시흥4동	853	2,034	16	35	87	143	180	565	349	861	221	430
2019	금천구	시흥5동	1,132	3,561	10	27	118	201	294	789	426	1,390	284	1,154
2019	영등포구	소계	42,370	373,478	801	2,176	5,232	19,369	10,448	66,670	14,499	159,818	11,390	125,445
2019	영등포구	여의동	8,132	160,633	133	416	1,000	5,120	2,294	24,123	2,814	75,102	1,891	55,872
2019	영등포구	당산1동	3,107	19,234	70	160	406	1,605	736	3,031	986	8,313	909	6,125
2019	영등포구	당산2동	2,289	22,947	52	125	361	1,076	627	3,979	755	8,779	494	8,988
2019	영등포구	양평1동	3,068	24,084	40	106	455	1,217	696	4,989	1,133	11,881	744	5,891
2019	영등포구	양평2동	2,182	19,921	44	162	290	895	586	3,486	719	8,709	543	6,669
2019	영등포구	신길1동	1,091	5,280	18	40	119	300	239	995	351	1,912	364	2,033
2019	영등포구	신길3동	1,369	2,905	16	43	124	294	246	631	571	1,096	412	841
2019	영등포구	신길4동	433	1,461	9	17	44	188	91	227	169	600	120	429
2019	영등포구	신길5동	526	2,563	9	23	69	132	102	360	208	1,597	138	451
2019	영등포구	신길6동	1,228	4,904	25	53	154	570	301	1,068	416	2,019	332	1,194
2019	영등포구	신길7동	620	2,932	17	42	76	337	142	547	223	1,268	162	738
2019	영등포구	대림1동	1,064	4,517	23	48	115	292	268	748	355	1,098	303	2,331
2019	영등포구	대림2동	1,378	4,520	43	102	200	426	328	752	470	1,612	337	1,628
2019	영등포구	대림3동	2,262	10,193	42	116	264	653	522	1,891	876	4,730	558	2,803
2019	영등포구	영등포본동	1,410	5,361	44	132	208	550	380	1,145	445	2,256	333	1,278
2019	영등포구	영등포동	5,883	34,391	106	293	676	2,956	1,372	7,884	1,760	12,352	1,969	10,906
2019	영등포구	도림동	1,021	2,975	18	41	150	432	251	630	346	1,026	256	846
2019	영등포구	문래동	5,307	44,657	92	257	521	2,326	1,267	10,184	1,902	15,468	1,525	16,422
2019	동작구	소계	19,793	106,159	492	1,436	2,674	8,160	5,034	21,776	6,499	45,523	5,094	29,264
2019	동작구	노량진2동	1,706	7,779	33	62	139	396	389	1,733	537	3,181	608	2,407
2019	동작구	상도1동	1,765	8,821	48	159	294	910	466	1,590	575	2,697	382	3,465
2019	동작구	상도2동	1,398	5,299	34	100	200	624	345	1,310	473	1,951	346	1,314
2019	동작구	상도3동	1,011	3,477	21	42	128	311	248	965	352	1,221	262	938
2019	동작구	상도4동	1,008	3,105	17	40	146	445	243	846	335	1,026	267	748
2019	동작구	사당1동	1,790	9,815	53	200	280	987	464	2,772	548	3,903	445	1,953
2019	동작구	사당3동	936	4,032	21	69	133	330	239	770	312	1,353	231	1,510
2019	동작구	사당4동	659	1,953	12	31	91	237	152	407	215	589	189	689
2019	동작구	사당5동	519	1,646	15	30	67	116	149	481	165	587	123	432
2019	동작구	대방동	1,693	11,691	42	134	209	665	458	2,520	558	4,658	426	3,714
2019	동작구	신대방1동	1,035	4,210	19	38	128	298	257	680	367	1,754	264	1,440
2019	동작구	신대방2동	1,227	19,081	21	70	150	643	327	2,564	428	11,725	301	4,079
2019	동작구	흑석동	1,557	10,324	52	150	212	649	387	1,333	522	4,528	384	3,664
2019	동작구	노량진1동	1,856	8,214	52	178	248	717	483	2,395	611	3,307	462	1,617
2019	동작구	사당2동	1,633	6,712	52	133	249	832	427	1,410	501	3,043	404	1,294
2019	관악구	소계	24,015	109,807	704	1,966	3,912	12,299	5,922	23,805	7,653	38,318	5,824	33,419
2019	관악구	보라매동	1,367	6,557	35	63	237	524	347	1,314	442	2,907	306	1,749
2019	관악구	청림동	451	1,385	9	11	89	175	101	288	157	613	95	298
2019	관악구	행운동	1,372	6,845	51	119	227	1,904	380	1,469	401	1,659	313	1,694
2019	관악구	낙성대동	1,296	7,867	65	284	267	1,220	317	1,996	361	2,145	286	2,222
2019	관악구	중앙동	965	5,516	29	70	143	437	275	1,376	297	2,916	221	717
2019	관악구	인헌동	1,053	3,578	23	47	164	367	273	1,112	353	1,038	240	1,014
2019	관악구	남현동	872	4,957	18	33	136	375	222	1,196	275	1,979	221	1,374
2019	관악구	서원동	1,279	7,459	49	139	244	1,001	344	1,425	365	2,279	277	2,615
2019	관악구	신원동	814	2,356	35	77	106	229	203	617	250	843	220	590
2019	관악구	서림동	1,115	3,245	28	90	191	319	236	814	358	1,314	302	708
2019	관악구	신사동	1,359	4,356	38	120	192	503	321	1,151	455	1,534	353	1,048
2019	관악구	신림동	1,687	6,638	85	224	340	1,139	442	2,048	450	2,044	370	1,183
2019	관악구	난향동	397	1,886	7	13	63	139	105	293	145	886	77	555
2019	관악구	조원동	2,150	7,116	39	107	360	676	463	1,770	755	2,895	533	1,668
2019	관악구	대학동	1,636	15,017	54	165	240	748	402	1,543	504	3,286	436	9,275
2019	관악구	은천동	1,562	6,658	40	114	238	589	383	1,802	524	2,091	377	2,062
2019	관악구	성현동	821	2,951	12	30	125	291	205	584	282	1,116	197	930
2019	관악구	청룡동	1,855	10,350	56	203	284	1,154	479	1,966	561	4,642	475	2,385
2019	관악구	난곡동	954	2,452	15	27	148	278	194	490	353	1,012	244	645
2019	관악구	삼성동	1,010	2,618	16	30	118	231	230	551	365	1,119	281	687
2019	관악구	미성동	1,490	5,522	46	110	210	502	332	1,241	543	2,429	359	1,240
2019	서초구	소계	46,940	438,985	1,025	2,937	6,286	25,453	13,214	91,004	14,954	175,938	11,461	143,653
2019	서초구	서초1동	3,811	32,022	70	180	457	1,724	1,118	7,516	1,224	12,061	942	10,541
2019	서초구	서초2동	5,072	53,003	199	411	861	3,145	1,608	9,527	1,453	24,243	951	15,677
2019	서초구	서초3동	7,725	81,064	116	392	959	4,410	2,122	17,579	2,595	37,824	1,933	20,859
2019	서초구	서초4동	3,012	28,529	61	332	456	2,366	892	7,837	925	12,916	678	5,078
2019	서초구	잠원동	2,199	18,054	64	118	354	1,357	658	5,861	670	6,527	453	4,191
2019	서초구	반포본동	665	2,326	5	21	65	191	165	379	201	937	229	798
2019	서초구	반포1동	1,737	10,255	70	141	356	1,427	539	2,302	468	4,478	304	1,907
2019	서초구	반포2동	306	2,142	4	10	36	120	86	449	111	1,199	69	364
2019	서초구	반포3동	964	7,502	16	49	119	624	248	961	324	1,654	257	4,214
2019	서초구	반포4동	3,291	29,877	49	182	393	1,938	927	6,608	948	9,173	974	11,976
2019	서초구	방배본동	1,623	10,497	47	137	214	616	481	2,796	507	4,143	374	2,805
2019	서초구	방배1동	1,907	16,332	50	131	277	1,269	566	3,264	597	4,692	417	6,976
2019	서초구	방배2동	1,852	17,806	64	144	291	1,066	442	2,566	575	8,446	480	5,584
2019	서초구	방배3동	1,186	13,826	18	54	130	536	291	3,027	387	4,388	360	5,821
2019	서초구	방배4동	2,149	14,635	37	57	283	950	581	3,301	686	5,390	562	4,937
2019	서초구	양재1동	3,616	44,006	57	192	437	1,831	990	6,981	1,217	15,066	915	19,936
2019	서초구	양재2동	4,989	48,262	79	235	508	1,636	1,308	8,293	1,766	19,744	1,328	18,354
2019	서초구	내곡동	836	8,847	19	151	90	247	192	1,757	300	3,057	235	3,635
2019	강남구	소계	71,027	698,840	1,763	6,709	11,364	55,235	22,206	184,610	21,575	276,297	14,119	175,989
2019	강남구	신사동	4,140	26,210	118	388	867	4,267	1,423	9,657	1,119	8,152	613	3,746
2019	강남구	논현1동	5,309	41,829	162	489	980	4,500	1,839	14,004	1,397	14,140	931	8,696
2019	강남구	논현2동	5,596	62,264	142	526	951	4,361	1,935	21,303	1,559	22,322	1,009	13,752
2019	강남구	삼성1동	4,079	63,573	94	445	535	3,987	1,295	15,245	1,337	29,682	818	14,214
2019	강남구	삼성2동	3,661	37,531	97	365	611	2,178	1,219	13,418	1,027	13,313	707	8,257
2019	강남구	대치1동	1,068	6,451	21	83	117	510	324	1,735	380	2,615	226	1,508
2019	강남구	대치4동	3,677	31,920	85	290	605	2,965	1,196	7,156	1,147	13,653	644	7,856
2019	강남구	역삼1동	15,451	155,883	502	1,836	2,664	13,931	5,027	42,174	4,416	59,485	2,842	38,457
2019	강남구	역삼2동	3,775	38,437	99	291	598	2,839	1,200	9,702	1,168	17,022	710	8,583
2019	강남구	도곡1동	1,596	17,066	37	410	238	693	424	3,184	557	7,652	340	5,127
2019	강남구	도곡2동	1,828	19,895	21	49	240	1,040	493	3,584	613	6,661	461	8,561
2019	강남구	개포1동	169	875	4	5	15	24	34	474	57	241	59	131
2019	강남구	개포4동	1,884	10,524	32	93	181	615	470	2,072	730	4,846	471	2,898
2019	강남구	일원본동	500	9,755	4	8	54	130	124	681	186	1,693	132	7,243
2019	강남구	일원1동	2,123	6,888	16	43	151	463	211	1,430	949	2,751	796	2,201
2019	강남구	일원2동	564	9,506	9	17	37	100	115	666	214	3,372	189	5,351
2019	강남구	수서동	1,504	18,055	21	75	130	694	329	2,273	572	8,474	452	6,539
2019	강남구	세곡동	1,338	7,062	36	86	219	637	350	1,253	473	3,576	260	1,510
2019	강남구	압구정동	3,919	29,427	92	462	728	4,251	1,336	9,908	1,036	8,673	727	6,133
2019	강남구	청담동	4,212	38,137	92	362	802	3,762	1,434	11,002	1,136	13,196	748	9,815
2019	강남구	대치2동	3,897	64,496	68	352	562	3,029	1,249	13,136	1,234	33,460	784	14,519
2019	강남구	개포2동	737	3,056	11	34	79	259	179	553	268	1,318	200	892
2019	송파구	소계	48,644	341,201	1,092	3,121	7,087	26,407	12,483	70,395	15,588	130,134	12,394	111,144
2019	송파구	풍납1동	730	2,489	14	29	76	174	154	607	249	822	237	857
2019	송파구	풍납2동	1,151	16,316	15	29	140	579	277	1,522	365	2,982	354	11,204
2019	송파구	거여1동	826	3,649	16	46	99	217	191	806	299	1,898	221	682
2019	송파구	거여2동	841	4,560	7	24	106	627	183	729	293	2,051	252	1,129
2019	송파구	마천1동	994	2,411	12	25	132	249	212	579	313	860	325	698
2019	송파구	마천2동	1,350	4,236	25	49	156	473	278	780	466	1,735	425	1,199
2019	송파구	방이1동	1,317	8,454	36	94	178	623	338	1,517	438	3,909	327	2,311
2019	송파구	방이2동	3,125	19,808	80	238	476	1,773	779	4,659	994	8,349	796	4,789
2019	송파구	오륜동	496	5,724	8	16	33	132	109	582	181	3,143	165	1,851
2019	송파구	오금동	2,397	16,687	42	140	298	1,132	569	4,201	872	7,519	616	3,695
2019	송파구	송파1동	2,509	14,692	79	170	441	1,684	603	3,750	800	3,697	586	5,391
2019	송파구	송파2동	836	4,149	23	50	142	337	205	619	270	1,827	196	1,316
2019	송파구	석촌동	2,666	15,306	74	201	410	1,268	660	4,310	832	3,926	690	5,601
2019	송파구	삼전동	2,028	11,418	45	109	320	990	537	2,470	602	3,237	524	4,612
2019	송파구	가락본동	3,489	25,440	66	172	427	1,284	867	4,308	1,249	12,088	880	7,588
2019	송파구	가락1동	2,988	11,391	25	69	200	565	616	2,258	940	3,767	1,207	4,732
2019	송파구	가락2동	1,901	9,763	50	128	241	699	511	2,887	626	3,579	473	2,470
2019	송파구	문정1동	1,295	6,194	38	101	175	536	299	1,381	419	2,126	364	2,050
2019	송파구	문정2동	7,131	59,850	175	594	1,162	4,941	2,166	13,675	2,240	26,394	1,388	14,246
2019	송파구	장지동	1,337	9,229	33	64	256	579	315	1,494	446	3,657	287	3,435
2019	송파구	위례동	667	3,859	21	48	163	387	217	1,624	197	1,485	69	315
2019	송파구	잠실본동	3,042	19,197	107	310	520	1,803	832	4,963	873	5,190	710	6,931
2019	송파구	잠실4동	383	1,696	5	9	65	189	114	586	126	602	73	310
2019	송파구	잠실6동	2,629	49,280	40	219	443	1,879	693	6,607	754	20,464	699	20,111
2019	송파구	잠실7동	196	1,284	1	2	13	36	38	194	73	605	71	447
2019	송파구	잠실2동	777	4,583	18	39	128	405	248	1,041	229	1,828	154	1,270
2019	송파구	잠실3동	1,543	9,536	37	146	287	2,846	472	2,246	442	2,394	305	1,904
2019	강동구	소계	29,080	141,770	621	1,521	4,604	11,349	7,426	31,201	9,928	54,198	6,501	43,501
2019	강동구	강일동	962	17,586	17	68	187	486	261	1,495	343	6,576	154	8,961
2019	강동구	상일동	918	5,176	21	42	113	234	200	776	361	1,787	223	2,337
2019	강동구	명일1동	1,739	6,643	25	55	265	678	452	1,660	583	3,037	414	1,213
2019	강동구	명일2동	987	3,944	15	37	117	363	314	1,103	314	1,450	227	991
2019	강동구	고덕1동	732	2,670	8	17	113	242	202	625	281	1,108	128	678
2019	강동구	고덕2동	677	2,548	9	24	104	246	154	497	251	1,081	159	700
2019	강동구	암사2동	838	3,711	14	29	155	410	208	889	280	965	181	1,418
2019	강동구	암사3동	576	2,185	11	26	98	207	149	638	203	863	115	451
2019	강동구	천호1동	1,534	5,332	49	118	218	426	398	1,309	514	2,341	355	1,138
2019	강동구	천호3동	1,830	7,474	54	131	316	775	457	2,109	581	2,551	422	1,908
2019	강동구	성내1동	2,048	17,777	37	97	282	751	541	3,061	685	10,119	503	3,749
2019	강동구	성내2동	1,836	6,770	36	84	325	945	453	1,715	609	2,237	413	1,789
2019	강동구	성내3동	2,439	9,117	73	172	337	974	635	2,525	810	2,850	584	2,596
2019	강동구	둔촌1동	17	283	1	2	-	-	4	98	6	144	6	39
2019	강동구	둔촌2동	1,553	9,463	25	58	239	535	332	2,210	550	1,964	407	4,696
2019	강동구	암사1동	1,918	5,646	53	118	297	669	472	1,384	646	1,837	450	1,638
2019	강동구	천호2동	3,439	14,208	83	239	548	1,569	967	3,999	1,130	5,880	711	2,521
2019	강동구	길동	5,037	21,237	90	204	890	1,839	1,227	5,108	1,781	7,408	1,049	6,678