기간	자치구	동	합계	한국국적을 가지지 않은 자	한국국적을 가지지 않은 자	한국국적을 가지지 않은 자	한국국적을 가지지 않은 자	한국국적을 가지지 않은 자	한국국적을 가지지 않은 자	한국국적을 취득한 자	외국인주민 자녀(출생)
기간	자치구	동	합계	소계	외국인근로자	결혼이민자	유학생	외국국적동포	기타외국인	한국국적을 취득한 자	외국인주민 자녀(출생)
2019	합계	합계	465,885	390,177	75,322	33,281	54,647	91,166	135,761	42,208	33,500
2019	종로구	계	14,195	13,159	1,302	613	5,037	1,649	4,558	518	518
2019	종로구	사직동	472	415	43	38	9	94	231	27	30
2019	종로구	삼청동	141	128	13	9	***	19	86	7	6
2019	종로구	부암동	638	603	81	25	229	47	221	12	23
2019	종로구	평창동	431	357	15	53	6	108	175	19	55
2019	종로구	무악동	106	73	***	17	***	24	27	11	22
2019	종로구	교남동	340	291	25	33	6	74	153	16	33
2019	종로구	가회동	182	150	10	22	5	26	87	13	19
2019	종로구	종로1.2.3.4가동	990	952	132	36	202	85	497	16	22
2019	종로구	종로5·6가동	654	613	50	26	285	76	176	23	18
2019	종로구	이화동	886	837	44	29	427	42	295	23	26
2019	종로구	창신1동	1,223	1,143	228	62	243	252	358	59	21
2019	종로구	창신2동	1,845	1,660	368	81	382	352	477	123	62
2019	종로구	창신3동	299	253	21	28	47	48	109	25	21
2019	종로구	숭인1동	512	448	83	32	60	97	176	34	30
2019	종로구	숭인2동	824	716	101	58	157	166	234	61	47
2019	종로구	청운효자동	360	318	20	28	***	49	219	9	33
2019	종로구	혜화동	4,292	4,202	65	36	2,974	90	1,037	40	50
2019	중구	계	13,796	12,559	1,771	663	2,628	2,383	5,114	658	579
2019	중구	소공동	549	531	35	14	13	21	448	7	11
2019	중구	회현동	676	606	70	36	16	94	390	37	33
2019	중구	명동	564	525	83	21	69	68	284	21	18
2019	중구	필동	1,285	1,251	52	28	704	42	425	15	19
2019	중구	장충동	1,294	1,254	125	21	493	190	425	21	19
2019	중구	광희동	1,877	1,828	351	38	299	384	756	34	15
2019	중구	을지로동	231	218	43	***	55	30	86	7	6
2019	중구	신당5동	699	544	105	63	61	157	158	91	64
2019	중구	황학동	1,585	1,408	262	99	154	413	480	108	69
2019	중구	중림동	511	425	36	50	28	77	234	42	44
2019	중구	신당동	2,329	2,153	444	84	464	544	617	125	51
2019	중구	다산동	899	787	65	68	191	121	342	52	60
2019	중구	약수동	532	417	39	66	11	92	209	32	83
2019	중구	청구동	398	346	35	42	54	75	140	23	29
2019	중구	동화동	367	266	26	29	16	75	120	43	58
2019	용산구	계	22,332	20,503	1,812	1,253	1,126	2,442	13,870	735	1,094
2019	용산구	후암동	857	696	131	93	27	188	257	80	81
2019	용산구	용산2가동	1,813	1,700	300	102	245	111	942	48	65
2019	용산구	남영동	774	739	101	42	127	128	341	23	12
2019	용산구	원효로2동	266	205	29	34	***	56	82	26	35
2019	용산구	효창동	297	239	16	27	78	37	81	20	38
2019	용산구	용문동	265	197	31	38	8	54	66	24	44
2019	용산구	이촌1동	1,642	1,451	17	110	***	320	1,001	32	159
2019	용산구	이촌2동	270	204	14	31	***	57	100	14	52
2019	용산구	이태원1동	2,917	2,839	108	68	48	116	2,499	32	46
2019	용산구	이태원2동	1,985	1,895	291	106	73	134	1,291	28	62
2019	용산구	서빙고동	1,100	1,028	40	67	7	131	783	25	47
2019	용산구	보광동	2,139	1,941	166	131	112	155	1,377	111	87
2019	용산구	청파동	1,248	1,079	150	91	280	161	397	104	65
2019	용산구	원효로1동	836	734	45	71	27	121	470	38	64
2019	용산구	한강로동	1,930	1,811	111	76	19	295	1,310	41	78
2019	용산구	한남동	3,993	3,745	262	166	66	378	2,873	89	159
2019	성동구	계	14,042	11,774	1,748	1,115	2,753	2,233	3,925	1,087	1,181
2019	성동구	왕십리2동	710	586	93	64	111	128	190	67	57
2019	성동구	마장동	1,198	935	140	83	270	130	312	135	128
2019	성동구	사근동	2,174	2,124	68	29	1,421	68	538	24	26
2019	성동구	행당1동	774	682	77	50	246	82	227	49	43
2019	성동구	행당2동	241	174	12	36	11	47	68	23	44
2019	성동구	응봉동	167	114	9	29	***	25	47	9	44
2019	성동구	금호1가동	273	193	13	48	***	47	83	29	51
2019	성동구	금호4가동	438	340	22	60	33	103	122	35	63
2019	성동구	성수1가1동	646	494	121	63	12	124	174	71	81
2019	성동구	성수1가2동	750	637	137	53	75	156	216	61	52
2019	성동구	성수2가1동	1,177	956	253	99	13	294	297	137	84
2019	성동구	성수2가3동	609	537	168	43	35	90	201	46	26
2019	성동구	송정동	790	666	183	52	64	198	169	73	51
2019	성동구	용답동	1,673	1,482	293	98	320	321	450	124	67
2019	성동구	왕십리도선동	971	718	84	104	110	137	283	128	125
2019	성동구	금호2.3가동	569	414	43	79	24	107	161	49	106
2019	성동구	옥수동	882	722	32	125	***	176	387	27	133
2019	광진구	계	23,823	20,925	3,808	1,282	4,926	4,562	6,347	1,687	1,211
2019	광진구	화양동	4,135	4,001	342	58	2,218	349	1,034	99	35
2019	광진구	군자동	3,180	3,009	217	78	1,469	251	994	90	81
2019	광진구	중곡1동	731	597	121	70	41	152	213	80	54
2019	광진구	중곡2동	738	543	93	87	26	147	190	105	90
2019	광진구	중곡3동	550	388	59	52	17	128	132	73	89
2019	광진구	중곡4동	683	501	70	97	27	58	249	70	112
2019	광진구	능동	451	404	67	42	39	72	184	21	26
2019	광진구	구의1동	1,266	1,074	264	78	43	358	331	124	68
2019	광진구	구의2동	799	641	65	78	47	88	363	68	90
2019	광진구	구의3동	671	540	135	47	12	176	170	74	57
2019	광진구	광장동	403	327	30	35	33	76	153	19	57
2019	광진구	자양1동	1,912	1,555	371	138	102	526	418	231	126
2019	광진구	자양2동	845	653	140	73	22	194	224	107	85
2019	광진구	자양3동	674	486	54	74	45	132	181	92	96
2019	광진구	자양4동	6,785	6,206	1,780	275	785	1,855	1,511	434	145
2019	동대문구	계	23,645	21,049	1,699	1,212	9,443	2,289	6,406	1,397	1,199
2019	동대문구	회기동	3,375	3,315	77	22	2,263	104	849	31	29
2019	동대문구	휘경1동	2,454	2,343	112	46	1,424	120	641	61	50
2019	동대문구	휘경2동	1,099	978	67	57	392	117	345	61	60
2019	동대문구	청량리동	1,171	956	205	97	115	277	262	138	77
2019	동대문구	용신동	2,428	2,076	343	191	380	467	695	231	121
2019	동대문구	제기동	3,121	2,906	216	106	1,508	296	780	137	78
2019	동대문구	전농1동	914	690	68	104	135	121	262	106	118
2019	동대문구	전농2동	816	734	25	41	395	36	237	35	47
2019	동대문구	답십리2동	657	470	62	83	52	108	165	93	94
2019	동대문구	장안1동	1,126	811	135	140	51	158	327	161	154
2019	동대문구	장안2동	768	529	87	106	24	90	222	109	130
2019	동대문구	이문1동	4,151	4,023	172	80	2,444	184	1,143	74	54
2019	동대문구	이문2동	816	655	49	59	188	88	271	69	92
2019	동대문구	답십리1동	749	563	81	80	72	123	207	91	95
2019	중랑구	계	9,785	7,091	941	1,184	695	1,375	2,896	1,291	1,403
2019	중랑구	면목2동	686	505	67	87	40	96	215	85	96
2019	중랑구	면목4동	647	465	56	83	36	81	209	93	89
2019	중랑구	면목5동	258	165	29	29	9	27	71	45	48
2019	중랑구	면목7동	593	464	67	55	50	94	198	64	65
2019	중랑구	상봉1동	356	232	36	51	5	53	87	46	78
2019	중랑구	상봉2동	710	554	89	73	49	151	192	86	70
2019	중랑구	중화1동	371	223	19	59	14	41	90	63	85
2019	중랑구	중화2동	1,054	801	145	103	61	189	303	149	104
2019	중랑구	묵1동	408	256	18	74	21	50	93	60	92
2019	중랑구	묵2동	470	347	44	67	33	64	139	58	65
2019	중랑구	망우3동	636	471	31	72	80	38	250	75	90
2019	중랑구	신내1동	360	203	32	57	6	33	75	53	104
2019	중랑구	신내2동	207	134	17	43	***	35	37	31	42
2019	중랑구	면목본동	1,545	1,176	167	150	164	240	455	200	169
2019	중랑구	면목3.8동	799	597	59	88	93	100	257	99	103
2019	중랑구	망우본동	685	498	65	93	32	83	225	84	103
2019	성북구	계	17,976	15,552	916	1,067	6,727	1,298	5,544	1,021	1,403
2019	성북구	돈암1동	220	169	6	28	32	32	71	19	32
2019	성북구	돈암2동	264	188	10	46	8	55	69	18	58
2019	성북구	안암동	2,677	2,596	132	44	1,542	117	761	40	41
2019	성북구	보문동	643	516	67	55	100	91	203	58	69
2019	성북구	정릉1동	296	231	12	30	79	24	86	25	40
2019	성북구	정릉2동	470	370	16	52	139	29	134	39	61
2019	성북구	정릉3동	2,414	2,314	36	36	1,517	51	674	40	60
2019	성북구	정릉4동	691	562	25	68	225	45	199	50	79
2019	성북구	길음1동	437	297	12	51	10	55	169	50	90
2019	성북구	길음2동	311	235	12	32	65	50	76	30	46
2019	성북구	월곡1동	497	316	42	71	20	71	112	76	105
2019	성북구	월곡2동	933	783	94	72	226	66	325	64	86
2019	성북구	장위1동	406	267	33	65	20	36	113	58	81
2019	성북구	장위2동	459	349	39	43	55	24	188	54	56
2019	성북구	장위3동	399	317	23	30	88	40	136	31	51
2019	성북구	성북동	779	655	34	52	63	77	429	51	73
2019	성북구	삼선동	928	807	55	48	352	82	270	52	69
2019	성북구	동선동	1,046	994	50	32	551	66	295	21	31
2019	성북구	종암동	2,503	2,256	98	83	1,244	115	716	116	131
2019	성북구	석관동	1,603	1,330	120	129	391	172	518	129	144
2019	강북구	계	7,530	5,346	639	954	723	1,086	1,944	978	1,206
2019	강북구	번1동	757	593	75	81	110	152	175	90	74
2019	강북구	번2동	296	186	12	53	5	26	90	40	70
2019	강북구	번3동	235	121	7	45	***	13	55	38	76
2019	강북구	수유1동	506	324	27	74	31	59	133	73	109
2019	강북구	수유2동	354	226	18	46	25	40	97	57	71
2019	강북구	수유3동	750	577	61	82	112	114	208	89	84
2019	강북구	삼양동	422	278	33	80	27	46	92	48	96
2019	강북구	미아동	897	707	66	71	160	133	277	99	91
2019	강북구	송중동	1,012	799	130	88	141	195	245	117	96
2019	강북구	송천동	967	725	125	109	72	179	240	123	119
2019	강북구	삼각산동	313	186	8	73	***	26	77	51	76
2019	강북구	우이동	373	236	34	58	9	39	96	49	88
2019	강북구	인수동	648	388	43	94	28	64	159	104	156
2019	도봉구	계	5,027	3,320	447	713	357	569	1,234	722	985
2019	도봉구	쌍문1동	512	364	18	58	137	36	115	59	89
2019	도봉구	쌍문2동	391	269	93	50	8	39	79	54	68
2019	도봉구	쌍문3동	372	250	52	49	24	50	75	57	65
2019	도봉구	쌍문4동	143	73	5	21	***	18	28	23	47
2019	도봉구	방학1동	576	404	53	83	82	52	134	73	99
2019	도봉구	방학2동	499	303	55	62	14	50	122	98	98
2019	도봉구	방학3동	191	112	***	30	***	20	55	22	57
2019	도봉구	창1동	330	239	28	44	14	62	91	47	44
2019	도봉구	창2동	590	390	61	83	22	53	171	84	116
2019	도봉구	창3동	264	170	16	40	8	36	70	38	56
2019	도봉구	창4동	198	141	10	26	6	33	66	22	35
2019	도봉구	창5동	290	193	30	48	10	39	66	39	58
2019	도봉구	도봉1동	347	214	13	60	18	33	90	61	72
2019	도봉구	도봉2동	324	198	9	59	10	48	72	45	81
2019	노원구	계	8,300	6,279	471	966	1,863	636	2,343	756	1,265
2019	노원구	월계1동	902	798	63	43	394	41	257	44	60
2019	노원구	월계2동	438	284	17	84	37	29	117	49	105
2019	노원구	월계3동	412	260	14	86	8	30	122	56	96
2019	노원구	공릉2동	1,728	1,569	30	76	941	50	472	44	115
2019	노원구	하계1동	681	608	30	32	204	31	311	30	43
2019	노원구	하계2동	139	91	7	36	***	17	30	15	33
2019	노원구	중계본동	178	108	13	24	***	25	44	22	48
2019	노원구	중계1동	210	147	47	23	***	24	52	27	36
2019	노원구	중계4동	137	78	5	23	***	16	33	27	32
2019	노원구	상계1동	360	236	23	62	9	41	101	45	79
2019	노원구	상계2동	342	249	44	31	18	34	122	43	50
2019	노원구	상계5동	359	221	24	54	10	38	95	49	89
2019	노원구	상계8동	125	69	***	38	***	12	19	17	39
2019	노원구	상계9동	225	126	***	54	***	15	49	24	75
2019	노원구	상계10동	129	98	8	22	9	22	37	13	18
2019	노원구	상계3.4동	342	205	14	62	***	40	86	65	72
2019	노원구	상계6.7동	356	246	35	47	32	48	84	42	68
2019	노원구	중계2.3동	386	233	22	83	6	29	93	57	96
2019	노원구	공릉1동	851	653	71	86	183	94	219	87	111
2019	은평구	계	9,501	6,390	721	1,282	304	1,330	2,753	1,396	1,715
2019	은평구	녹번동	824	568	81	121	22	101	243	125	131
2019	은평구	불광1동	727	486	49	99	17	124	197	107	134
2019	은평구	갈현1동	477	346	75	72	6	70	123	66	65
2019	은평구	갈현2동	735	518	50	82	7	93	286	110	107
2019	은평구	구산동	556	337	30	69	18	52	168	90	129
2019	은평구	대조동	786	568	70	80	30	158	230	118	100
2019	은평구	응암1동	580	375	74	51	34	70	146	98	107
2019	은평구	응암2동	487	298	20	77	6	42	153	75	114
2019	은평구	신사1동	506	327	20	81	25	49	152	72	107
2019	은평구	신사2동	331	227	29	42	8	55	93	36	68
2019	은평구	증산동	255	180	18	43	15	24	80	33	42
2019	은평구	수색동	163	124	7	21	***	21	74	11	28
2019	은평구	진관동	662	443	40	94	8	126	175	66	153
2019	은평구	불광2동	701	467	61	102	10	135	159	122	112
2019	은평구	응암3동	729	514	44	109	60	73	228	93	122
2019	은평구	역촌동	982	612	53	139	37	137	246	174	196
2019	서대문구	계	18,179	16,319	1,115	909	6,051	1,271	6,973	858	1,002
2019	서대문구	천연동	485	400	86	43	47	78	146	32	53
2019	서대문구	홍제1동	480	353	27	53	10	69	194	58	69
2019	서대문구	홍제3동	296	215	30	40	21	43	81	31	50
2019	서대문구	홍제2동	232	160	11	32	14	30	73	34	38
2019	서대문구	홍은1동	449	352	14	58	69	48	163	45	52
2019	서대문구	홍은2동	1,271	1,076	59	86	302	66	563	90	105
2019	서대문구	남가좌1동	419	317	9	59	***	40	206	41	61
2019	서대문구	남가좌2동	1,550	1,389	45	72	696	48	528	69	92
2019	서대문구	북가좌1동	328	213	15	48	7	40	103	41	74
2019	서대문구	북가좌2동	763	499	57	95	59	74	214	120	144
2019	서대문구	충현동	698	609	84	62	92	107	264	38	51
2019	서대문구	북아현동	578	482	70	58	46	97	211	55	41
2019	서대문구	신촌동	6,518	6,434	264	57	3,873	228	2,012	50	34
2019	서대문구	연희동	4,112	3,820	344	146	812	303	2,215	154	138
2019	마포구	계	16,416	14,307	1,538	1,159	3,537	1,790	6,283	891	1,218
2019	마포구	용강동	695	580	97	76	30	85	292	33	82
2019	마포구	대흥동	2,604	2,502	194	47	1,313	172	776	57	45
2019	마포구	염리동	835	793	87	37	205	74	390	20	22
2019	마포구	신수동	791	707	98	60	194	81	274	31	53
2019	마포구	서교동	2,325	2,205	194	83	737	153	1,038	57	63
2019	마포구	합정동	698	598	89	71	84	96	258	46	54
2019	마포구	망원1동	679	492	85	76	24	96	211	83	104
2019	마포구	망원2동	464	318	69	52	10	69	118	71	75
2019	마포구	연남동	1,289	1,170	119	66	183	91	711	65	54
2019	마포구	성산1동	624	507	74	62	33	80	258	57	60
2019	마포구	성산2동	623	453	37	88	69	93	166	76	94
2019	마포구	상암동	949	746	90	88	19	84	465	57	146
2019	마포구	도화동	491	426	67	61	24	105	169	27	38
2019	마포구	서강동	1,267	1,168	74	56	533	110	395	42	57
2019	마포구	공덕동	1,351	1,085	131	136	55	282	481	107	159
2019	마포구	아현동	731	557	33	100	24	119	281	62	112
2019	양천구	계	9,138	6,221	1,044	1,141	97	1,648	2,291	1,470	1,447
2019	양천구	목1동	425	319	23	52	12	53	179	28	78
2019	양천구	목2동	560	442	86	76	15	121	144	54	64
2019	양천구	목3동	439	283	39	57	9	71	107	86	70
2019	양천구	목4동	502	348	66	70	***	93	117	73	81
2019	양천구	신월1동	755	503	97	103	***	133	168	136	116
2019	양천구	신월2동	512	305	36	64	***	93	109	114	93
2019	양천구	신월3동	528	346	75	68	9	75	119	85	97
2019	양천구	신월4동	312	166	19	53	***	46	46	52	94
2019	양천구	신월5동	412	248	49	47	***	76	75	75	89
2019	양천구	신월6동	96	58	12	9	***	12	24	16	22
2019	양천구	신월7동	394	230	15	75	***	44	95	65	99
2019	양천구	신정1동	339	265	43	37	***	59	125	33	41
2019	양천구	신정2동	331	237	33	24	***	51	126	50	44
2019	양천구	신정3동	994	619	124	129	***	173	192	228	147
2019	양천구	신정6동	125	82	***	18	***	30	31	9	34
2019	양천구	신정7동	510	323	51	75	19	66	112	111	76
2019	양천구	목5동	305	218	19	29	***	87	82	23	64
2019	양천구	신정4동	1,599	1,229	254	155	15	365	440	232	138
2019	강서구	계	13,197	9,043	1,349	1,725	157	2,641	3,171	2,139	2,015
2019	강서구	염창동	306	214	23	54	15	43	79	24	68
2019	강서구	등촌1동	357	281	45	46	15	74	101	27	49
2019	강서구	등촌2동	257	182	21	41	***	44	75	33	42
2019	강서구	등촌3동	493	297	26	85	5	66	115	103	93
2019	강서구	화곡본동	1,013	674	60	149	20	195	250	180	159
2019	강서구	화곡2동	696	450	55	83	6	155	151	139	107
2019	강서구	화곡3동	446	319	50	48	***	118	100	74	53
2019	강서구	화곡4동	825	563	85	104	7	176	191	151	111
2019	강서구	화곡6동	527	356	42	71	19	91	133	82	89
2019	강서구	화곡8동	1,043	739	123	116	6	249	245	188	116
2019	강서구	가양1동	521	422	70	55	11	132	154	39	60
2019	강서구	가양2동	252	155	29	40	***	20	66	42	55
2019	강서구	가양3동	311	190	12	79	***	40	55	60	61
2019	강서구	발산1동	416	206	15	75	***	35	78	68	142
2019	강서구	공항동	1,108	804	154	110	12	261	267	180	124
2019	강서구	방화1동	762	495	92	95	***	160	144	97	170
2019	강서구	방화2동	641	467	77	73	8	118	191	93	81
2019	강서구	방화3동	421	289	39	75	***	62	113	51	81
2019	강서구	화곡1동	2,313	1,616	278	264	13	515	546	445	252
2019	강서구	우장산동	489	324	53	62	5	87	117	63	102
2019	구로구	계	54,937	46,036	14,085	3,224	502	14,836	13,389	6,532	2,369
2019	구로구	신도림동	665	495	101	65	14	111	204	77	93
2019	구로구	구로1동	344	222	22	57	5	46	92	55	67
2019	구로구	구로3동	3,682	3,006	698	241	33	1,092	942	496	180
2019	구로구	구로4동	8,837	7,612	2,458	447	28	2,608	2,071	995	230
2019	구로구	구로5동	6,017	5,072	1,580	310	62	1,638	1,482	751	194
2019	구로구	고척1동	846	651	103	60	117	114	257	115	80
2019	구로구	고척2동	1,398	1,037	246	119	9	388	275	221	140
2019	구로구	개봉2동	1,111	760	136	103	29	219	273	230	121
2019	구로구	개봉3동	984	695	152	93	18	192	240	183	106
2019	구로구	오류1동	1,352	1,029	201	123	12	391	302	211	112
2019	구로구	오류2동	2,146	1,276	214	226	24	415	397	501	369
2019	구로구	수궁동	858	598	115	72	13	211	187	155	105
2019	구로구	가리봉동	8,770	8,111	3,404	370	26	2,584	1,727	576	83
2019	구로구	구로2동	15,828	13,832	4,287	772	46	4,264	4,463	1,675	321
2019	구로구	개봉1동	2,099	1,640	368	166	66	563	477	291	168
2019	금천구	계	32,851	27,554	8,895	2,105	149	9,258	7,147	3,847	1,450
2019	금천구	가산동	5,433	4,893	1,841	225	45	1,582	1,200	419	121
2019	금천구	독산1동	4,035	3,415	1,099	265	39	1,094	918	439	181
2019	금천구	독산2동	3,473	2,919	967	235	15	979	723	401	153
2019	금천구	독산3동	7,986	6,810	2,343	481	16	2,313	1,657	932	244
2019	금천구	독산4동	3,915	3,304	1,032	236	12	1,143	881	473	138
2019	금천구	시흥1동	4,217	3,493	988	301	7	1,281	916	534	190
2019	금천구	시흥2동	348	182	16	52	***	44	70	85	81
2019	금천구	시흥3동	371	246	48	45	***	75	75	70	55
2019	금천구	시흥4동	1,667	1,247	294	145	5	402	401	256	164
2019	금천구	시흥5동	1,406	1,045	267	120	7	345	306	238	123
2019	영등포구	계	55,524	48,180	15,204	3,125	395	16,171	13,285	5,630	1,714
2019	영등포구	여의도동	792	671	58	81	***	220	308	23	98
2019	영등포구	당산1동	919	780	179	87	17	248	249	97	42
2019	영등포구	당산2동	863	715	119	82	50	199	265	86	62
2019	영등포구	양평1동	600	485	129	57	12	93	194	54	61
2019	영등포구	양평2동	486	386	99	55	22	85	125	41	59
2019	영등포구	신길1동	3,455	2,946	889	192	23	961	881	408	101
2019	영등포구	신길3동	2,448	2,035	600	160	6	707	562	289	124
2019	영등포구	신길4동	1,744	1,505	519	92	5	533	356	188	51
2019	영등포구	신길5동	2,517	2,182	721	160	7	713	581	271	64
2019	영등포구	신길6동	2,203	1,879	574	136	12	662	495	263	61
2019	영등포구	신길7동	474	364	64	39	***	113	145	72	38
2019	영등포구	대림1동	5,473	4,796	1,644	248	16	1,573	1,315	552	125
2019	영등포구	대림2동	13,853	12,358	4,320	638	38	4,157	3,205	1,298	197
2019	영등포구	대림3동	8,191	7,079	2,319	427	41	2,420	1,872	863	249
2019	영등포구	영등포본동	4,814	4,247	1,399	265	16	1,527	1,040	475	92
2019	영등포구	영등포동	1,160	972	184	99	86	230	373	120	68
2019	영등포구	도림동	5,060	4,452	1,353	253	30	1,666	1,150	469	139
2019	영등포구	문래동	472	328	34	54	7	64	169	61	83
2019	동작구	계	20,697	17,972	3,259	1,100	4,325	4,357	4,931	1,631	1,094
2019	동작구	노량진2동	1,633	1,436	446	70	48	459	413	154	43
2019	동작구	상도1동	2,885	2,723	70	78	1,679	148	748	66	96
2019	동작구	상도2동	756	570	87	67	76	149	191	97	89
2019	동작구	상도3동	842	635	124	71	28	199	213	123	84
2019	동작구	상도4동	890	666	132	89	38	226	181	136	88
2019	동작구	사당1동	1,251	1,054	274	73	56	373	278	130	67
2019	동작구	사당3동	604	494	96	56	42	147	153	40	70
2019	동작구	사당4동	387	308	73	38	26	84	87	42	37
2019	동작구	사당5동	281	208	30	34	18	55	71	36	37
2019	동작구	대방동	874	675	136	80	15	204	240	100	99
2019	동작구	신대방1동	4,550	4,017	1,314	190	62	1,505	946	419	114
2019	동작구	신대방2동	635	518	115	47	17	212	127	58	59
2019	동작구	흑석동	3,512	3,390	85	75	2,148	173	909	48	74
2019	동작구	노량진1동	645	497	73	54	63	141	166	85	63
2019	동작구	사당2동	952	781	204	78	9	282	208	97	74
2019	관악구	계	30,247	25,352	5,850	2,000	2,129	7,655	7,718	3,261	1,634
2019	관악구	보라매동	1,231	985	242	93	7	352	291	160	86
2019	관악구	청림동	293	214	29	26	30	42	87	31	48
2019	관악구	행운동	959	807	127	71	62	254	293	93	59
2019	관악구	낙성대동	2,434	2,322	235	71	987	218	811	55	57
2019	관악구	중앙동	823	695	184	57	32	250	172	84	44
2019	관악구	인헌동	666	537	78	73	57	148	181	58	71
2019	관악구	남현동	427	329	67	51	15	94	102	57	41
2019	관악구	서원동	1,366	1,135	241	105	51	334	404	156	75
2019	관악구	신원동	2,251	1,949	550	116	35	740	508	238	64
2019	관악구	서림동	1,051	882	114	70	241	172	285	88	81
2019	관악구	신사동	5,466	4,709	1,359	293	34	1,763	1,260	608	149
2019	관악구	신림동	1,279	1,133	287	66	46	368	366	121	25
2019	관악구	난향동	340	202	16	47	***	54	84	59	79
2019	관악구	조원동	3,521	3,038	961	188	28	1,073	788	396	87
2019	관악구	대학동	1,011	939	111	43	311	105	369	38	34
2019	관악구	은천동	1,256	975	210	110	14	345	296	181	100
2019	관악구	성현동	520	301	24	83	9	59	126	114	105
2019	관악구	청룡동	2,263	2,005	536	139	139	607	584	183	75
2019	관악구	난곡동	1,179	830	186	129	12	244	259	203	146
2019	관악구	삼성동	480	308	65	43	***	85	112	84	88
2019	관악구	미성동	1,431	1,057	228	126	15	348	340	254	120
2019	서초구	계	9,755	7,935	970	940	157	2,035	3,833	514	1,306
2019	서초구	서초1동	492	404	63	42	21	124	154	26	62
2019	서초구	서초2동	617	571	73	39	***	138	319	10	36
2019	서초구	서초3동	741	640	128	61	17	177	257	28	73
2019	서초구	서초4동	664	551	56	60	***	149	282	15	98
2019	서초구	잠원동	596	479	74	71	13	147	174	21	96
2019	서초구	반포본동	123	111	***	11	***	42	58	***	11
2019	서초구	반포1동	918	760	110	76	26	201	347	57	101
2019	서초구	반포2동	511	415	11	43	***	68	292	14	82
2019	서초구	반포3동	196	158	7	30	***	67	54	10	28
2019	서초구	반포4동	927	823	48	55	9	121	590	16	88
2019	서초구	방배본동	416	338	39	46	10	95	148	19	59
2019	서초구	방배1동	385	290	42	54	***	82	109	28	67
2019	서초구	방배2동	374	270	49	38	5	64	114	47	57
2019	서초구	방배3동	428	361	63	45	***	116	135	23	44
2019	서초구	방배4동	595	493	41	53	***	119	278	27	75
2019	서초구	양재1동	966	693	102	111	35	173	272	90	183
2019	서초구	양재2동	517	397	57	57	7	97	179	52	68
2019	서초구	내곡동	289	181	7	48	***	55	71	30	78
2019	강남구	계	11,735	9,725	1,726	1,061	280	2,667	3,991	596	1,414
2019	강남구	신사동	632	565	112	48	21	161	223	13	54
2019	강남구	논현1동	1,019	908	226	80	60	193	349	58	53
2019	강남구	논현2동	685	586	117	65	34	142	228	26	73
2019	강남구	삼성1동	419	364	65	24	***	102	171	12	43
2019	강남구	삼성2동	645	522	62	69	9	149	233	22	101
2019	강남구	대치1동	230	167	***	27	***	63	73	9	54
2019	강남구	대치4동	625	565	149	36	19	139	222	27	33
2019	강남구	역삼1동	1,588	1,467	348	85	74	316	644	52	69
2019	강남구	역삼2동	777	670	123	59	11	174	303	37	70
2019	강남구	도곡1동	347	269	52	42	***	79	93	21	57
2019	강남구	도곡2동	648	515	43	61	5	198	208	22	111
2019	강남구	개포1동	99	81	***	10	***	24	46	9	9
2019	강남구	개포4동	363	273	46	35	6	66	120	32	58
2019	강남구	일원본동	131	84	***	12	***	44	28	7	40
2019	강남구	일원1동	355	258	52	49	***	71	86	38	59
2019	강남구	일원2동	194	141	40	20	***	31	49	16	37
2019	강남구	수서동	263	192	22	35	***	67	66	21	50
2019	강남구	세곡동	598	347	66	83	***	85	112	77	174
2019	강남구	압구정동	753	624	61	74	10	209	270	33	96
2019	강남구	청담동	772	633	64	93	14	199	263	35	104
2019	강남구	대치2동	416	357	70	28	7	103	149	17	42
2019	강남구	개포2동	176	137	***	26	***	52	55	12	27
2019	송파구	계	14,126	10,917	2,444	1,485	141	3,069	3,778	1,430	1,779
2019	송파구	풍납1동	1,438	1,201	389	98	10	415	289	160	77
2019	송파구	풍납2동	385	275	58	34	7	66	110	56	54
2019	송파구	거여1동	235	144	29	33	***	36	44	37	54
2019	송파구	거여2동	210	143	19	44	5	33	42	33	34
2019	송파구	마천1동	437	263	57	72	***	58	74	72	102
2019	송파구	마천2동	463	268	55	60	***	68	85	94	101
2019	송파구	방이1동	250	207	42	22	***	59	82	19	24
2019	송파구	방이2동	936	797	201	85	31	179	301	80	59
2019	송파구	오륜동	116	89	7	12	***	42	28	***	26
2019	송파구	오금동	618	412	61	76	***	96	178	87	119
2019	송파구	송파1동	841	687	159	77	8	178	265	95	59
2019	송파구	송파2동	340	263	51	36	***	85	89	32	45
2019	송파구	석촌동	1,297	1,071	326	103	15	305	322	137	89
2019	송파구	삼전동	818	615	147	84	10	166	208	105	98
2019	송파구	가락본동	655	545	156	57	6	176	150	58	52
2019	송파구	가락1동	279	200	***	59	***	62	76	12	67
2019	송파구	가락2동	453	339	87	43	7	84	118	58	56
2019	송파구	문정1동	417	318	76	55	***	92	91	36	63
2019	송파구	문정2동	489	415	56	67	***	127	162	22	52
2019	송파구	잠실본동	1,066	917	268	86	17	288	258	81	68
2019	송파구	잠실4동	263	198	***	32	***	55	105	9	56
2019	송파구	잠실6동	381	325	30	25	***	50	220	7	49
2019	송파구	잠실7동	124	103	***	13	***	53	35	***	17
2019	송파구	잠실2동	342	226	5	50	***	72	99	28	88
2019	송파구	잠실3동	484	401	56	49	***	113	183	13	70
2019	송파구	장지동	521	349	94	62	***	69	121	64	108
2019	송파구	위례동	268	146	7	51	***	42	43	30	92
2019	강동구	계	9,131	6,669	1,568	1,003	145	1,916	2,037	1,163	1,299
2019	강동구	강일동	413	217	41	53	***	31	92	76	120
2019	강동구	상일동	203	131	33	22	***	22	53	30	42
2019	강동구	명일1동	207	137	17	36	***	35	48	23	47
2019	강동구	명일2동	103	68	17	17	***	15	19	7	28
2019	강동구	고덕1동	262	179	53	25	***	48	52	24	59
2019	강동구	고덕2동	262	171	47	29	***	43	51	34	57
2019	강동구	암사2동	107	63	12	14	***	13	23	17	27
2019	강동구	암사3동	180	110	15	27	***	34	33	22	48
2019	강동구	천호1동	637	411	70	103	6	112	120	106	120
2019	강동구	천호3동	1,095	877	224	99	28	299	227	129	89
2019	강동구	성내1동	324	216	28	42	6	56	84	43	65
2019	강동구	성내2동	1,432	1,208	347	95	19	402	345	151	73
2019	강동구	성내3동	516	398	115	53	24	76	130	53	65
2019	강동구	둔촌1동	7	7	***	***	***	***	6	***	***
2019	강동구	둔촌2동	353	243	52	32	***	82	74	40	70
2019	강동구	암사1동	706	497	73	113	8	124	179	94	115
2019	강동구	천호2동	1,538	1,224	315	146	34	385	344	179	135
2019	강동구	길동	786	512	108	97	11	139	157	135	139